108773689
409768481
353238076
55790043
278799506
422131970
147121646
193428547
197544114
87997627
158338054
179653834
149362962
60419124
94965663
154697647
32379811
80467671
172537413
269857889
203570857
33519618
359858472
264714437
56297332
335676769
358974439
74554884
155876317
129505388
308298731
30156496
217951971
98588587
1325744
196759263
13900862
135668634
41991049
249267679
373783451
277011198
110767476
38465653
111928029
351159989
424132783
324750029
25418013
189045297
279708596
192607352
330931621
25245188
4108896
297047927
28190865
450149793
336785388
220341976
50727656
249419905
100409263
414053422
188102203
495474911
144507287
178573779
424572676
10332806
149216775
149533459
21192266
543678780
425113387
173625466
183582699
229077649
118245036
261251823
310857582
297021203
195461203
144698364
466386508
14295881
116408880
90457808
99456017
21219164
146030242
187149379
296476548
27394547
408712156
309146058
423604823
212938416
304735631
306341959
134284951
29175951
499424545
379603941
306928554
46205110
242680993
115315842
165353467
186704427
268536983
140892688
33329150
44859241
177906773
89453104
44964047
485388424
272855459
368379563
221651882
368793182
157238701
318099956
41872801
25667162
152166340
46464674
94859582
436795166
33256097
407268170
234351056
121144902
91670687
452058627
109539780
158432280
146381973
139865944
81339983
201868851
122928794
120832183
382789414
251854399
125150052
140525141
366086052
275088998
345487760
378324256
51933439
126807882
357506974
360370364
48510948
270223325
181638520
455882186
22873457
422956125
124369806
11533856
334911312
190238099
419327360
58555606
413532320
282511249
123855702
433345685
239542188
157829963
361896971
120469500
367820555
7590310
14020255
156876964
422559514
282989795
273422759
51793208
190670323
56219413
510128389
179576753
21413321
160608662
332930515
250022638
374038011
546214903
155984000
6862587
78831939
132504483
298641239
259677161
389032152
56999510
290926511
7770250
58660941
464623647
67491943
43686910
143764533
421020930
300601788
430154469
207778405
118506572
37418412
212688990
359880891
213139927
181411832
147263947
1051070
143181026
164108435
288194185
241278439
22670620
32528587
475089222
514625337
123510892
9665865
107778710
342228106
127409911
113360874
60128979
421458640
376426019
186923857
54869266
219856851
68410817
14084314
205696273
96044674
160370045
150626401
84559720
7387005
520359369
488255428
443956031
331401417
117898395
449870565
215804294
162055691
153994134
37769197
296068940
9632355
330446896
167661575
94266798
395937568
25367266
127511875
528525377
68463288
413825041
149054063
262133730
184363658
226118518
131301557
46281134
108491177
325628368
334561802
356678270
440777855
36447068
223302616
153190919
263250978
255930705
313116376
9950514
67954139
62985963
176482174
8254057
220255387
44350347
115980736
312650491
441805925
50697014
92929952
5139142
39215176
7615042
83691915
363278461
128280527
36355246
276330874
41337875
29485628
209039995
401360205
228376494
142451263
190723647
151708374
73330467
475362468
217621218
321969153
169212394
17696478
99058724
73915329
209282092
122555982
202505285
250167952
268272187
231232387
102209084
62918639
68231424
35523649
482469481
161215355
168940751
323773825
130205250
99810288
46333306
150497065
49788092
267829889
251159063
70905275
90548477
544179313
200903247
112421009
294698402
249191898
152732332
260856965
396846544
54595488
221748363
545984977
108547372
207949156
47685069
54953731
107185503
206368155
277343395
348896014
125735156
214905874
293132559
279728202
817295
304300048
90772608
7798786
48178162
356900859
40628521
126834060
163229565
5981966
245458322
398154254
115216955
1026100
491022565
150325240
103820169
420906928
213078412
239468319
262183206
88254104
153757320
121526443
156964728
454394427
246065775
231716660
45145097
252625001
47235362
200273701
457807304
350549820
207842114
471414689
385480115
300204822
259904060
157258099
119391503
95236347
146717419
134330535
118126867
112573167
37030529
209921374
216011451
255747871
95319144
257387611
135377742
162277274
312679793
23817916
220115108
138357281
38715633
132621007
330144320
420855261
230701913
86644317
303317342
35760361
381567860
133729591
247259696
60010192
320355700
48716365
29396608
245539555
213041404
369367173
6801898
297818019
31320863
15075736
58461907
178955403
284275979
61156160
182575761
370939863
328519606
358234602
22638853
429577377
137292601
91876334
140973531
86752499
78276063
273287188
46777264
243199325
336418751
298845169
402685608
396516939
124826718
343315308
316144680
230262233
191432849
146596417
169027916
473358039
49044516
165923892
243879333
133025916
52447424
24037761
144680140
537694236
32559938
207148195
152063214
161107016
164153783
365416806
194832812
80823911
80792287
279121616
58269443
58432797
33829688
343677915
186675247
159618091
19721746
68747689
137016858
146692758
315983278
413397537
221153036
113857800
249246376
241671273
83235729
428159182
197999542
493631456
214652832
212727511
120347143
213894473
118958193
259045348
50460339
346511372
200546979
159273662
226349685
314399723
13893823
423390205
253257960
120675660
12012807
338476968
277532205
167811821
367064761
315392505
85924881
111810032
63824340
169349805
230897109
179040816
331061913
232062493
209365573
316567532
30264735
328974594
166312592
108460966
317041511
331476656
409983122
137205732
115460475
387063222
29270003
110779113
323046129
417246287
250230762
33511851
552181890
48063187
262605594
72349717
204138750
380736095
191719438
347091915
417376860
44321185
180313818
156759120
101193816
7495160
164751932
162486503
524442002
157260102
45400149
273996656
317641085
1745251
115878451
345563129
89398511
85414967
114715533
222500495
193674860
264337124
91893599
298926626
248941085
286585904
74920663
54658648
4001826
133356957
215608293
10606770
88850416
148213810
119405567
120992730
114127420
220743965
13924470
124978432
3143768
183000722
202023921
129051186
249003540
215391793
14339252
86952761
333817384
188609999
425690384
138672505
168587327
116680527
334362060
124160726
302853349
84379829
19186388
152071258
397430424
211374515
58953664
374896377
465803198
275392471
27605472
51309017
20302222
285101983
2416746
26230415
54269035
165438261
359924493
281222290
324727964
103068958
125265385
341322811
12511666
176912395
105378897
368359052
214009188
469056706
162712800
183452929
69045370
91700181
24701875
162791324
159769380
171765186
115617361
335820496
159620411
151628298
5685670
249310006
228476333
3065183
343085114
167881228
25621674
253201084
504822457
365434376
54714128
953824
56639237
54005429
77781637
70907910
99238789
58588211
50314365
63528021
173413809
233549142
218531675
193524266
205144460
169069071
183947733
123941103
277710228
12574965
117514652
235648243
39103274
218427325
359883342
486899591
247509066
224389128
164081480
240499202
74762695
42026326
434419118
357053660
92296770
504943814
178968110
32421713
52658856
59383934
107388660
188554402
427965260
131352038
47733282
66113211
290696931
295164906
374367
40839442
107739124
231815762
46402441
82611591
239112514
200839298
44668354
54628152
356672829
124617878
179072976
129105898
87292248
104394724
44214370
78758530
45279385
70032177
168864840
306322519
162870231
305394353
195320559
164899974
12518630
137844268
433179653
177219893
258468972
146857995
148261649
257399894
33476094
10427556
96952190
298368528
103299631
16673189
427967497
76181776
314819302
65078596
105170162
25794990
63530874
32205054
184253925
337678461
65346029
316290348
63919804
332409856
172425019
426289630
136680188
72732633
246593210
78513429
162140180
49083286
73252363
55030209
26093945
20844261
121062380
152944332
200130054
276021677
125483591
106853391
274305961
118858721
327296625
201022077
456483884
318128984
38326201
366253985
187953610
98166483
158924979
2227898
194867977
40753978
417837221
132550038
166419682
313100870
241263628
139631393
115331803
26814954
181261850
446607173
12534179
194741175
308210977
159053256
360852983
460303683
52587356
328618500
87531280
162724329
34764225
308013345
28238797
84475669
140242463
86229275
371333170
427764171
16118712
477374161
346846115
14755683
511593509
116238301
26181799
267449642
342809566
55431265
82646010
53002247
108029003
23057810
284873644
228994946
247163714
245826239
392916210
69420650
121422567
147164076
210166456
212419943
24485903
329254987
242965032
152563963
463676136
523543539
28263440
158015157
228662636
14391053
13154925
333557318
147355116
228640954
22932556
91006307
241916456
125516427
127816456
337067967
265380155
288555917
183216229
157956280
200399847
339090821
54124572
200643239
285558462
520928028
138558750
78623755
259691843
285345055
51531145
220221841
135646592
226658031
287454125
37697086
139040841
98509116
112830484
42257117
313328263
442888
192950079
430415672
41416607
478062626
445032730
335046195
320689930
276388911
172457742
159078282
468828919
350506968
173458432
105633115
400690481
139099962
178806722
117499915
157896678
25318489
29228557
110826447
96423879
117850921
176830246
290958122
190714696
24195761
22408416
247329964
255463130
103207178
96873664
47241140
123541489
248783632
120130574
119949485
84688548
65864867
331135943
54569482
433165321
397828064
159059912
319993277
66428269
19959606
273509094
138743398
34483417
303627666
135625425
170023440
223991164
426077439
502047820
12532486
131265973
180979252
47348321
275877897
100613919
338493253
222460933
149402801
523307272
224456388
1400070
87036943
238343220
17827300
16813313
231908651
329140840
35813517
218968298
105073488
96168174
48251662
110509657
302162343
215177660
154261601
54439705
74654636
112595071
83348946
323267320
43432879
349754634
81631669
254446513
386833201
88248284
103182277
64316841
263458114
45653531
215322393
13615993
318623980
72039233
85117483
158720707
197842531
1324173
96270111
263334320
108261589
533366047
340428204
8552454
78259798
46083052
123560717
124626794
223434121
154699070
85638329
8868915
69430753
208531272
314526769
252227819
66963301
449913
301305
482787910
46003548
84517714
76562544
447107150
215156809
202507806
94636841
315796423
9346954
66736602
108540254
124943799
70468851
209427390
138015934
333898114
287427242
110536163
99565211
272021332
180906464
98695418
195565438
195575253
330458179
266801556
321950381
206468946
81360363
143262201
271095863
107431480
162770201
124976029
191772493
439403806
144821853
253074897
354758382
196807126
7746011
538694628
104615702
285720190
336273583
265347370
234265987
237320686
108484398
223386933
175226560
257230342
193016964
94300120
375528362
309463493
66489422
120071543
43247512
33179483
220750135
349542082
159275514
37905514
144374472
94629310
148536645
194359987
61361662
84238311
421586971
418630362
378576978
202318645
32442292
244363932
314970821
180607538
139334669
186352106
188089621
40742646
395392850
277020951
106940396
42527541
251733290
260086642
144271787
341164365
101029298
198378161
20086139
109159712
134735846
105553667
104047650
375021846
130071466
44215312
243378887
10397138
289738752
110659804
212587013
275438543
253635100
7184059
119611436
464363596
288526845
107726560
54059198
43520836
129860632
338658072
303516808
291312245
77909398
183726445
191129436
410671683
67147490
34830351
383020960
77656730
72867022
342495480
362194184
190075564
146138179
357747940
112821955
110341670
59756250
125759912
25860318
495408485
212748099
173379954
223959710
115737870
6143960
234647677
77044860
182142785
190471976
224658881
282688820
125559901
66112360
109740408
503400485
100681257
125473539
331013
210302861
374292499
142757459
299593392
56249685
136614142
36454306
251593942
111721075
16936842
212043495
250003041
535150859
184092042
421015985
292583621
102743361
354019119
4662715
359604604
309414429
306681944
207647346
101439886
383563189
153486461
92543977
267245466
218400270
81981274
378131261
422159008
369275758
297843873
296921397
96784123
182267604
180849062
18861537
286329583
282674769
236006506
436642932
320628162
139675888
59752262
252212375
229595811
475201209
15868427
109086642
306543293
221829666
305566341
103116054
92803324
276290683
264796578
203788808
249405909
85084434
427515916
179341506
309860451
9732181
441610751
9979477
338170406
347140661
16013745
100955047
10746581
302423469
249438237
201380341
409730309
91369209
411967039
252396873
153885992
66905689
194114104
65753030
38693074
340561957
435951038
13932494
426456024
66537405
11604598
402966611
52564426
360509267
5716964
117773321
97306799
211469249
113623259
23235621
18368982
231861765
315682367
5946051
136887544
234093831
135164685
320207480
101278297
32235535
81722293
213671964
144355437
47429257
97992925
365193964
764819
53868707
188967794
66158033
243300074
416359696
253856028
9835601
69755576
13728835
330611579
160889573
98697801
278107475
182491483
150569283
30752668
471871596
68312880
555724786
185294451
301869423
87444233
93908436
95277155
23077962
211471015
233226567
440974789
454119327
263299786
36417733
355811099
153036364
36287833
216938828
80158062
250217955
183468416
390600990
55613540
13220202
242607782
272860908
264737113
141550577
84505787
77378546
59652107
101226054
539895039
232086864
532360690
152233483
112482890
50806789
30263192
122185790
330647820
28293468
510460490
279557700
110924830
109272261
140641898
23027101
26285422
284456891
461142192
66797713
93522688
228677194
508271827
418884021
54999417
323867904
289831450
117560638
162140843
167434222
418185633
74722839
100522088
56530288
375327954
339644007
270575428
265654181
255976987
120055770
128661654
207516304
30062212
33774901
55270052
156406361
186568592
81552397
237028460
467760295
318888827
119580140
160400716
103617715
57414214
229840880
29293568
1525355
234476922
382285660
52817613
67894752
208038367
248435214
34543219
185364300
128486804
250320954
400288754
107152702
58649971
27889044
330741576
249416520
514391388
322212882
14198286
148073518
469496834
46855959
201377583
51689510
85054864
350311563
163157390
431979646
321430785
266190943
359329506
455998380
78555002
83466325
338371341
133428144
30412953
358931688
90366330
86740576
293235573
255457968
4397496
25708808
221878368
232062352
284842731
41863846
264446201
19978945
290278082
291266813
367662638
377708392
210553452
467082460
187297445
305574393
32870425
333426868
124434711
272942025
255886958
217207652
72814909
58842256
91682848
214268207
297672905
199084237
254294989
121114130
135876790
49303495
388479136
20796566
192440274
103179090
125071089
55515089
205777540
9659139
152066162
53350289
284559127
45604489
92271687
47857156
2531213
141717152
253489619
362068932
48075299
408248227
276609026
427453918
223703385
302697523
141969860
251888151
215964877
261587936
74114868
418976219
286732068
161117401
264439452
427920726
18377418
211234561
293377156
149128492
454279665
139356669
119188753
225798931
303081437
175444251
371152401
274018568
407782261
91553005
437292216
389497837
147338530
2738231
72055129
192520943
15900511
197226805
123762003
266976966
213513235
2575429
70342760
67985795
132439263
11123273
46696386
142267774
15338718
454660945
374097476
131182934
327948598
505680815
477396733
48807039
399972041
17358972
54087589
259827739
127150892
311877594
238054730
149371278
113828873
28376836
43291933
259439042
38739123
458802862
74571777
54745880
225560527
119967273
89399025
308526219
113148507
210106357
42186217
54397180
73319665
208604029
99060599
86243422
337341500
91036531
376302675
130849757
487897408
203157266
295691555
4590179
63349400
86156891
35050693
33421018
201012578
86435887
19593119
504167789
180217079
76518844
308067346
149428426
92095847
473299832
336789522
270715335
44199206
419881390
45075615
82521450
99383551
152826882
202050185
280817204
69138120
307728112
138190399
74955002
85781365
488340187
537329020
57325669
22242854
137010371
380863205
56257897
151632490
27647525
276800433
243750299
39262778
161411857
81964357
154735765
288572644
2180183
64600847
36500712
165844443
140668823
82257034
282264982
197576173
223796585
91506534
118558719
194146019
31064599
269094247
86665368
213073881
134184790
269762493
353322954
149977356
321116643
135166222
5772918
280558995
716107
81100
1295281
416772682
118614046
312163671
254040140
12233352
157346973
113424748
147026948
346628106
244126187
26576741
66176819
44189322
104655009
327953000
220429254
457077150
153806793
242982705
262983405
142570686
372860960
271762211
184791162
1194734
317169247
23843171
236855142
333785558
41985
268808819
210091848
180318823
276492941
275593317
366907361
157184866
29366937
435355336
299260274
16966402
223808061
202615817
160042299
180966833
105715467
92164119
170371718
360977084
76839671
182771147
295252483
366554962
348304309
253579145
130236598
213465220
200280015
104014161
439714194
26858190
6982399
63249099
128667773
78353757
222649481
32970545
91510403
121228373
174583530
237497980
117565721
248022691
85487496
270974717
375235594
20149224
381233608
8155151
111173367
90839248
18139152
191032464
281326845
230815806
349935084
554213189
40681363
422123091
231722410
36446217
102336460
145894931
207701766
32081183
349198867
415639554
382237566
202810378
440475539
90329552
10136472
61189444
93972421
397133496
7224293
277222729
14464081
53959523
254787642
506789230
75688430
79950625
263647427
438794286
218591175
13788012
100811098
122007477
207574319
38700476
119511884
56566684
409094231
235667519
297177200
399520607
177794437
8597887
331484269
27261533
275741614
337176480
205927878
7782313
327887185
469596313
251568635
321749392
82638390
213487325
57915747
142269956
135431685
156157816
27291329
370896384
254772105
89614973
356540313
194196182
253474342
48385439
189181468
184883948
210411501
54058363
181175897
121535729
277068777
360788578
85523566
68628481
112024819
511715766
206483961
111206836
172609268
323534443
522173591
22454245
178447888
207610031
201259286
162517668
172110259
77138767
49646975
352852251
287602608
394116446
98065439
1252565
27274907
53406386
53244334
84442051
107496672
502219749
55321443
249896786
26058798
332376361
80376611
158427079
169632277
90337145
273890730
109681823
84293407
88596432
111264148
66601071
133695886
80966466
428102421
133683343
130528642
46195534
49111708
511261449
76999836
496669314
452500665
49880285
183473250
14528804
558195595
134967306
236246934
19091388
68745120
340918659
113366123
80218778
67438935
35913197
505400653
9215833
27073742
111131423
41585599
308414842
41411410
303217198
239174964
433938794
269165241
46651183
112702898
275751690
236407762
229369892
276706626
68316536
153613644
522315948
339440522
387066065
46718557
78421662
18880471
134506599
170544973
451416341
397543915
6665449
128252871
32528275
287434361
60314848
90757361
288060178
61759408
381485091
336665834
187845190
343565351
40025449
324128990
36711471
148561443
332718409
362560120
27639403
216944541
67922348
250617178
131437151
224429293
29469082
74947021
213396547
416484186
119484886
109623374
273935155
321304876
8665843
323231154
79877736
399812443
32280612
16520684
221065993
16357764
152980341
71230088
538317652
245058993
200593776
187522539
476216809
241231952
299298718
128272720
249815095
145657844
244576072
305342038
105370816
441300347
194755090
274020281
71613917
56845447
337934328
344532198
185619756
245689680
18722359
33920603
227469621
130565067
46815596
273205873
129989209
405986950
374193899
155947647
13454580
164631004
59176436
460261504
342871982
293415568
66376847
123555066
379868871
179991677
229799231
352576720
178903972
137717264
514672242
303463919
222514495
18461442
254854960
116765004
81068837
210614489
201026882
109524257
360755767
249898096
120598057
263817212
187012018
195287964
75148335
20271296
355317088
454237058
100874622
122485939
50380796
203416902
487344743
268802707
1626272
67126950
492018946
69299726
246935636
57953311
456777342
211575446
408966738
72003640
492310511
17967929
30376938
323282928
130962601
88010785
97573039
150612354
48523944
235171453
56892458
438579360
45954803
193129858
178321994
40506131
66397461
272880098
258745629
12550648
7419256
263195153
41118288
26719245
109540588
303381028
447000506
116306488
487904338
486826714
28207992
31278255
302142645
49387273
107726906
348148400
162811639
538741618
188326737
370439951
367565235
34536447
245052706
91099406
206071218
290944664
133177580
107318240
59953405
259413674
471369429
137117176
186426078
76398544
9101665
24110798
344107250
103431376
122149096
81475167
49572792
482381455
176030690
9738479
307803174
142233044
24235093
459884750
11180109
241164695
238374286
52465610
207792876
101121687
198764444
123545032
468865273
448748285
6773141
21601781
282610104
104661572
103630183
396423952
345932171
275209743
71364326
201902242
43034749
74646700
299376678
95644484
61404620
177473479
136303149
38937810
199073534
115951223
350468291
266292241
41700342
354842785
261945948
172132558
78360392
82883040
4085209
259683101
216678049
213506289
227679584
271080061
1944496
47211388
410308973
342332174
378047
156695730
144598335
214848931
76557648
206264910
367577044
310913359
508523302
396655928
474827836
238876709
364360057
380393116
27025442
297813000
336697042
130123581
305433673
47007619
89364924
36981918
151075686
60188831
270031526
52955253
16669970
64450998
275213551
281698136
226007594
446810000
380073622
10884685
2890717
229877797
372579010
114426499
293610975
49456012
372283943
343112148
451859103
144034806
95227570
132592098
148586283
78318488
5038251
312807795
158765273
73544632
94321678
181620571
166090503
35485197
193338235
98121995
63702025
80567095
29975576
245240315
307712588
23407513
157515792
357760149
171847525
224884660
55442644
315718094
245655706
336462179
40286139
294899878
387749126
164047221
314497793
34759311
88279418
121275838
205588707
36098454
67972207
104680157
63840620
190111612
461825601
52448948
286710605
85140081
156315754
57059457
208405753
265497454
85881527
251619643
363735178
151909412
18501867
105924571
11815129
52200216
223588697
40993877
229250304
910232
75319067
43247291
24013553
387903226
320151417
326099973
12959862
53149409
273490865
175376104
366299019
122648112
498422022
213629706
57697901
56765152
48466298
366628298
162033676
155232212
139047050
105770458
43773626
39957420
140454917
234204028
328086905
334045809
148687147
495159436
148582577
359087664
290697675
494538772
58096111
109280616
129839898
231059957
357342293
81201792
10338868
138122826
206556714
147686625
232307231
77443045
281223165
79778575
41775935
460798855
39942222
78326700
507528443
151249580
64505481
4705999
268516988
316790122
78680678
223893750
184349114
1617456
455599253
20169514
255150130
250782875
177985812
424198497
161070172
52251670
7613666
222830061
267320536
380829058
323389984
352336214
116938939
437855452
9093056
305489694
178420469
222673039
279985659
449659493
36634550
198523993
299024856
120933397
411428413
475057233
126915181
45398718
27130384
439443543
305194976
88430549
168006524
350809971
170302616
232753400
303920727
172011305
144611133
412135966
48609662
125319934
222779964
194126507
118253833
416075910
32041347
102011681
10614661
220978223
568647908
35545212
287367480
137578707
64257037
150508787
15645865
161677902
5280703
326577189
243211543
29393965
132499031
48472839
3758753
291107075
334818581
50553556
467189019
152255291
164929040
180227612
253054481
117590316
37920008
278357161
210391025
269922070
163506161
280169616
220657568
212786929
75257854
249715201
24700872
310888398
401545166
244882837
88238503
42966438
19654548
99872665
213783026
313850315
253217147
205191293
142567327
92111931
503412882
142429477
153787627
320683051
426183716
13913261
299637068
307499419
62669015
278560551
291600610
118419491
310373846
215452421
115366170
96210644
117188365
49012641
420047110
32071924
244267818
432238759
141045424
148117223
51394795
141997095
285689743
270480031
198494546
83212279
355627212
22878233
109692841
109692648
45532250
381545758
256351001
16204735
260493013
148710777
22760613
190581942
80797008
29502216
158343368
16771931
106490988
144454038
319106669
67333084
359819722
148910657
33737924
367632250
118219938
355283660
304855737
86114841
76500064
140711723
327762637
379094229
308883383
121578730
27214436
25895965
23963221
51908334
226672352
426433644
202337113
131394922
291874709
176924386
261238233
172192708
89464974
269563433
453486529
200027500
267198881
56008508
29765639
427842046
21175390
165942843
399709731
414104726
168400075
215482311
316272616
76242765
33421525
65129977
250612039
127944639
396278259
340343587
157209999
385012468
177168359
189971085
397329035
60282169
47460364
436900535
12684446
161766159
264515307
39149543
176283783
335244901
36786888
25318179
431916395
172086494
59892085
128875230
229585893
241116872
77521586
290477599
155809010
53163989
323762911
175257741
180948536
558193
123556163
43462928
271456641
21064706
56314892
255380283
160946864
63801086
201247836
59979754
275680257
70496259
296855520
17453874
47669410
128719907
104789684
135339252
2369489
138626096
211541390
410517212
297459650
407840249
38041879
101888083
508849675
144122746
173221850
199871073
23884362
445188885
213484749
107015436
176291554
127164687
314386204
153706445
94000938
9261085
27675601
189759378
131065058
215080043
234361341
274407957
58559380
36605421
189162219
92052993
172368285
142423510
60646851
116262209
273890005
66291793
369182338
55816566
170130630
83363594
202653056
186123029
42488161
242911703
77266750
91032156
307599728
349397594
157789897
48933871
317738023
95655241
87814866
7140875
157836726
398133878
245575026
303449019
186850192
221596994
401147739
25386115
42208185
131794380
370207057
123662124
221385117
217750569
454167221
144640286
95331187
199114087
177242287
42001236
353156392
77112121
23733454
144583699
282124342
6657649
8082212
37355810
137008126
112588917
477963794
73547252
38083815
57645147
27097577
472199023
225374904
184512319
411354583
230057211
29577705
81909727
4038821
236165087
403280222
222067336
103497362
80589734
218272885
491134483
85839674
311053584
125641939
256991608
361225238
17730973
28125290
180548720
117214691
16766111
141456249
35162654
77855147
175078841
32430099
203385337
16116365
131748893
205074468
372106768
9724555
99748066
205248830
447410074
21710647
470646970
115842779
420827299
296682556
40804791
25619970
84090077
32319338
140001253
260195693
35422760
110225292
62708863
303405871
177199833
417881753
406304143
146369624
58474540
26997128
254294094
80946797
331900155
355656603
227150474
190708804
48797227
196454488
202756064
301604692
154804901
133616874
161498164
24928810
21324762
321566558
275857170
97291759
284325317
64699815
16074555
97764819
283885688
21064389
321484149
209952986
112414822
270659755
332179725
385088786
363129076
88774745
10059249
60600275
181748384
195942068
84035356
494242603
71701014
18557159
462661732
62932369
390073524
182001294
30299674
179127369
207201995
88257855
11183807
535239670
551655677
372895841
26926029
213501557
117803376
486542850
275962285
381367621
39303028
260586095
182651999
290682075
276638384
297570114
85419875
45510238
373960549
86275133
142885227
137010742
388006346
115413454
229033629
47081572
230525142
412392703
160816852
8819018
327653387
227226553
442098472
420237622
88743195
167762253
171880669
212077590
207717337
168473366
115223794
196738834
89375902
49324939
542124273
116817181
413691434
336447095
445005069
2154670
41269411
80528962
24581838
435639690
154443115
396552295
470393905
81483345
162696518
413268377
34740255
136323855
200151345
419606896
83522210
205439467
179993016
126084962
277648144
126396701
213773032
33299906
240766401
246298655
161532704
222776782
15378466
478051772
72476929
399039563
512229704
236205803
225660055
76657315
353400065
104070670
176178335
147750785
172154112
262194419
231609660
83166715
542417230
359281815
444481313
419996352
321464291
212043099
98238904
230362968
212397372
27100795
209723359
127587507
131646742
122280394
108400894
370927726
118848581
267263106
464755131
412614872
239772071
237165840
4431028
289865775
201557201
188511387
352575365
37497023
41404379
279379351
125073826
243081903
106635486
291234057
13334839
241128536
21638965
54124677
156113031
229353655
31070225
58205770
415302717
263025864
250124183
357035309
204082324
3432951
101997542
226450367
222512854
270241915
204924867
22066983
327801347
331979948
101843026
104719305
3969763
158668299
108034584
392580066
282702135
180559164
215132306
139244818
183408254
259076696
94957693
186494330
370225444
102198649
173216337
48178432
280080667
319771440
328234312
288822514
415290576
151270453
116950423
456679513
164395416
197930461
140498681
65130658
347215353
374650155
125485325
291101442
144259882
63110038
123714358
41815219
214462973
257054700
217252282
254963419
185719573
97957528
13779856
126108805
325582483
281029136
120110611
39977822
59093067
230631190
94773624
15214608
37863360
75479735
153089922
32934065
405862609
285061718
74599377
25095363
23149253
171996870
229232000
1025954
16838902
151369189
244462538
28433979
216160220
74917312
336675939
262382727
3869511
56817670
232809314
400528064
99729865
52809265
278038151
487591543
66673545
61462628
368998874
105712978
472223518
238981777
119928946
346599782
517186390
285734433
482935236
219097542
141983618
423728482
170619797
145097680
262505274
28028093
629308
118623526
249709726
186915909
300554615
164189053
266805545
97270413
209965518
158322468
321082582
255368699
426822042
243760132
250685216
78712935
406347918
139470782
247627060
444845312
248374904
229871950
107652021
229095474
21814203
157287824
193060099
242513150
268285361
63640001
78293341
61518897
10056066
286672111
77654114
113459517
95276311
44273632
414566170
58976918
67678920
311873056
210365478
40935556
49212128
155175284
20299647
512072163
173765327
376939685
183917418
227924133
147153921
176830623
31250199
111966264
137638888
102782394
102434384
1131739
408348825
65458542
12369532
7074443
2273252
213239131
295373922
5690573
273961792
104766757
237780683
53660103
368397735
260255751
457775474
411980058
424792216
400726539
513538979
48624812
262069371
60718141
12426904
267151790
32325500
112962810
401715462
370037981
364355879
307063691
122909539
301667764
186928217
133931338
288659777
9039818
214257744
387816040
185063703
26207276
414260243
188469886
189986647
23728616
478794533
174632510
350855507
54479812
74858357
36480300
61602372
162108577
169340632
273367940
386634823
71424007
252959186
119974647
304526829
428564980
94336473
22426220
438355312
468167315
339421901
193635589
369932960
7437083
98362889
363367454
96833400
162079131
63737587
221135280
66692123
218605467
389215547
240347593
378247628
125497082
441466074
28129596
161392422
336333377
207143845
41200583
8877838
172084902
349430674
372946176
442769728
26017373
347631127
89485095
172459565
412914481
262019094
278888008
178539647
32943613
334842639
211297679
170560507
191525426
227998097
84382339
266517045
172127804
183287596
123298977
255261253
106567212
347946136
63508190
424447347
102169823
76237329
198225518
68758200
107225968
42446200
458998846
139045901
521175066
316678946
73310903
192079367
390651852
382759214
104857230
493630614
234908667
264328400
287682370
61224385
13677668
60877275
311496965
105582318
72358267
79755799
248219096
182965274
134175163
409835424
238458461
398048429
351812985
159233741
368540320
90025008
167426294
84985346
377808562
139221202
59798389
98989935
63143829
350575843
27313458
45743788
125650174
101163610
337429039
190255374
374665709
263195413
167410631
428101880
323413152
261748970
238577671
140583539
325221880
26401042
30059216
370343930
219231708
237653417
47288034
393855086
203040770
437815512
381572769
39405217
72514908
60916216
239063884
7929231
115039894
307939855
16865820
323757635
344472753
18440429
77137728
42444622
41285875
80998999
51647315
42277183
443720572
137916199
66807826
3909287
135548241
29614072
48282425
151199053
182806333
198544259
325895744
176315060
138943347
527692579
34770117
475161365
405428257
317943632
366851978
177790762
231733740
301838327
327836143
231007598
399852634
251501841
215982660
343084601
207080780
391431755
178709121
63011021
262299434
51991164
435839233
94119658
178296249
127280021
322743756
317135532
409140600
273869334
219184778
263880602
339579233
105440860
79789096
512209157
184682128
272551940
244333099
171320330
404465216
219848684
73906754
142326193
114091375
195577215
352089248
304231298
33512593
218472775
36816368
137903067
43586878
58968479
96458649
122705817
397119740
444890491
178443676
54259358
2681621
159668391
137636169
101397214
318662457
114761924
69274490
317106859
424519155
497943629
316897027
25375650
253414254
66502130
56613745
447491997
3401780
30503396
128323599
169635293
153752410
387802720
335733908
193104634
11543740
263843848
386925749
121791565
3370921
474520620
225243372
370003813
316913714
73799229
92823272
157869245
168245304
2047072
348151282
109899161
81367127
245170449
261549868
433850661
107904853
165056774
325652983
257727690
252712938
131674197
25979090
228965680
41553063
34713934
97981244
283633960
220159030
142058146
333000063
6897786
179829501
132876219
149754718
149465856
112751833
248708454
102885488
169878207
271892029
165225804
152021088
111080925
294051815
321850687
77345274
189268367
248914046
120094973
26585466
93316008
78482184
406209058
124151537
116235373
253436327
80949745
138827320
236579419
248407061
38677183
435102552
526995908
345970881
322145119
50683169
85119200
53769669
20970321
97286123
26391107
20857484
103011227
58976623
39245646
97672793
17546332
507181227
123624124
40536349
410969736
406623215
345951658
189071022
1574916
339098880
59349294
13343001
497649
96613027
288492931
189348608
403165885
203529229
410885133
117341390
94050624
173303986
7989908
380897946
344464644
196117641
392152132
148745576
45476464
193291489
138818485
25000527
309517945
210762457
39415938
15815704
98089628
553185910
250968128
138346656
286744774
481184442
194681075
322398546
357870992
128093051
193943791
78572142
136545879
470522454
52359647
12645101
63023148
18714569
451688436
54169241
135434327
47512573
80870196
89213583
95662982
261927385
426985436
169216620
19385423
162455438
24245724
453854346
174082178
109464547
255235566
66891399
406192142
106417397
316116086
138122706
303615566
217082027
28458361
411922405
277877376
30278244
380719931
188941912
71555916
368042514
20233757
91111669
501762706
512969055
366985733
337305279
213133824
102153513
72574145
266110715
5209056
42458922
149346908
113596404
219923246
26254921
206000937
202449703
42062498
65771843
146469838
300238223
243163801
39004897
99480146
405455422
337236709
200876542
409211763
346661213
286629666
22188208
62822523
153595887
250213578
62377150
239549067
406130229
153024182
154231644
283562149
163100337
202225984
265583045
342215936
195834629
109778361
311148470
163623292
420720750
189175223
235175598
211489170
269727745
106630159
98500754
37540524
61606384
57599295
12725518
64105105
42655250
274716936
190221192
262158425
264103566
388553091
163109783
409654095
18787808
95133267
353933262
326464041
325183940
167263860
254959043
223062445
285125610
136736926
140455671
210915335
136727529
57599611
395558489
37646186
428290453
497438
128154563
83027020
308564477
61468092
100265253
313807037
156400561
321905389
74084454
31752095
38879012
91105440
75998365
247514194
1480884
173340283
291086592
133916604
256004167
169670952
52943652
71555884
57551375
458516378
252815965
469430491
178178651
56750206
143817069
135132316
330938178
60495773
67232011
136989432
487387702
413259838
286372241
257824346
42504951
249149747
497552298
138118644
301102694
377045234
160003632
150576252
248089267
100249196
62484502
120078511
291039549
59653443
120769129
312621859
27527205
458190117
205831179
339252276
159730688
23410425
307791694
102079807
168662699
226288529
454008124
70611301
65933213
49672795
162148376
711014
98515082
36434435
277071131
101868335
225054432
135546322
370986712
147222259
111229257
77016428
133353625
292662702
2814729
156473175
223141831
299818441
376673010
351209712
167609474
103209436
23701119
306689088
410973359
198770436
451282879
463726801
454814217
42861770
50211760
254320069
373495315
230274764
84938174
466454741
391726543
82289109
364504639
160664178
461307554
87225393
939559
304266972
104075790
207768291
356710474
100721748
101684042
27071527
155200099
120475375
261222456
334265923
62128031
102834041
377399819
166176478
179059717
44517597
376822980
46665413
409225056
507792227
193604276
499935881
208030043
317744525
25970667
490423940
521427
126502632
176869344
265279339
265317897
368318382
29811972
46163899
400084290
152175958
271247719
9384560
225122275
251127589
159767874
154003389
83007168
59790801
183286784
117977796
340367119
139502588
12040625
162961708
33984213
19237242
162292028
89155637
321903558
3124701
135730289
192344239
160488901
38697934
192345817
444045594
308180288
106617940
392472595
130011543
288927689
37796121
208253698
445514633
395702963
56445759
288520045
225536257
189246099
147345501
20462976
213648369
118752501
417517936
358495757
56611815
105912521
95266585
236619600
64303874
312331429
296588734
116816727
14820526
64976009
147520266
87367128
275205547
164902106
186362049
329524773
197885992
10806569
14294114
64157874
40292600
395092750
16863243
293117105
326624761
42578234
219803619
215367752
16284857
339869761
64458813
39037367
241117907
36933339
218862047
210486951
364487463
500800813
189405385
73806558
259108167
368152940
253933911
57411528
112256460
4332041
196302303
153336225
39887495
40580090
472647643
98355564
54159488
219938710
321118277
114778101
115276991
119274332
254829125
120841063
355398717
105509804
24997025
306251056
30790234
3240177
107047806
105089446
250903835
416634565
109127606
84316194
514057043
39725437
110955326
226958687
377138193
108387704
134396869
310802964
141088327
67930102
400949873
277873805
143997586
305195736
81388776
361826287
255717763
3271488
188266405
110347447
40490248
47190861
311570941
422985786
3730483
375144579
278440861
104527284
75307339
27552541
289741765
53847054
283591378
442394717
343247588
434310581
89009936
294016153
63660858
233299124
486225882
139065463
188596783
37744224
60584446
471671955
259787802
44927351
317047757
183420532
385286659
299022370
397421375
29326251
363047098
69456999
205454684
25170262
75013308
207494197
307394887
121906429
308127584
390335821
46190583
260405333
277131445
286564486
126516790
13177757
469028829
139289213
33274850
150111548
178712289
450436709
31354905
99729538
151837805
112363008
329093056
28813405
19414004
35465888
3702510
42830339
355168841
241443399
83694529
201503197
176832061
397756521
234326249
315469753
451018681
355854279
362377982
223512798
102295924
273165554
192098078
17751190
224095264
214708292
181222256
365961310
163572568
9093115
170671154
165372620
215499383
163772558
284284001
64884286
233854604
135459565
66296592
193435217
244803304
153503132
340628195
111048602
30666013
62527873
116652294
169510162
310315222
135438853
252388089
125147347
509110617
9824021
364440071
232129704
208992499
196830230
20364965
103403036
162652897
55721619
65892652
39238357
344813901
441041795
434228151
59303530
326393655
40648476
261381769
221270419
149287490
347499143
342705358
376321873
229311966
59898645
26670863
285580617
288477272
224887245
298648912
163207215
148784741
220248721
1841728
68892425
11407872
274454864
97496719
160986874
386391450
361739766
3040473
407421903
418899123
40474554
224606545
64955419
237304865
338377376
145004425
238829178
67684895
355968414
37626896
221065653
35374765
210072934
49035473
208636576
111095347
266110873
121406196
3749944
294249772
4106565
83443188
417607297
30947645
150983894
297523235
238340215
71405817
58291804
102274664
186156181
134884949
3803013
393963776
208285319
173436978
396572705
125822576
314172759
164191346
2050223
460552326
374597726
72499300
2907286
265535326
207412066
278719786
320331209
131811555
389907808
48476039
274991712
305810791
250866881
30607213
293027491
52590086
151544384
210414737
432625808
479689759
86270340
141623026
409761101
160842276
64701386
129594578
342574404
80765636
31611358
130876382
465024877
65046777
146998848
325382751
20430981
1454272
511758540
129609922
113290947
439397247
161160361
86168634
195130233
47387928
356614627
44002839
168098193
74775818
501431414
288352786
541288192
33098451
24375821
389301882
315704306
45218819
217340797
407190008
447555587
220369488
210731625
213803198
495159106
163585460
90200834
36569592
209325547
159203508
38932228
321536860
111318304
446723313
145678653
255916948
181819907
94930447
55272068
114319522
8296224
17223043
497299907
213540268
16527085
110295585
110189667
20259686
153319697
130749422
60182028
341460913
461441749
87947460
165412716
73771729
228081960
299570720
285236802
200763321
405213234
459064238
117021073
118369702
481662806
179933422
26260138
134055971
280759246
201414666
352300025
126707908
308100523
135363667
248010491
457829750
32442510
149909743
120797051
207662816
141180800
212841307
188951992
278116481
89411162
281970407
111879577
45302242
296919934
35835944
371191283
398996189
515668300
357258170
472601825
497312069
371138592
17120751
55209855
327650199
187042080
85160264
101838651
453909210
330692321
131038607
98037600
347482221
187718939
5738198
276150799
366172564
428048724
131808100
132597736
21228790
79321377
182596940
179532897
105425679
423541659
66400814
248860154
410703900
328218615
362462750
302171414
107364879
491249718
298200952
190366666
139991916
221611098
31708577
45739145
243322697
66349912
88794696
427732216
1948490
114521952
141407452
54085600
85912260
274311758
50141679
270486548
259843932
220039794
6220178
306809687
82124423
123882651
129283175
146977313
67547640
120791109
210207136
318273163
390807762
221410449
183973863
90470197
465467378
40334971
201008037
488594264
192574614
163407412
181601523
7108638
222974410
130246607
158307388
23971846
106299747
72303044
148726268
153596607
98202015
302643373
443834190
140878327
207589703
232071806
337121848
147155650
162822261
495566474
29650427
299546520
19781161
419237878
272216369
99062610
85385436
293773187
8051832
21931560
370647616
329723327
18175990
110586548
70453522
90040015
297838327
160066088
212507632
443125660
177476
418646141
97919706
342211760
9120874
235124611
178974417
335684161
229580127
104995336
5358387
329371476
172353236
345258727
207692752
107794618
41021799
53055756
95341389
310682401
405944267
444167726
485163956
136349185
6817345
15675041
222042860
522836354
120699779
277648631
364131646
369229389
336441260
121772759
254276901
78440244
368213102
251020483
172496102
31892273
221314222
38555533
267122126
34677790
116791949
302452758
310150646
337404340
235198141
137076213
170357092
20606688
80551622
17559616
413737523
102120413
267317710
5762981
118701296
57672929
108250719
142938369
6166031
174452534
166907991
30730024
15660013
101451114
507913447
202838515
510255381
271932810
399562155
224413078
299154251
19563405
144112773
27402851
261008194
53792180
289438340
18364354
203072856
103319052
328600410
360191408
338609857
341278167
292484931
26365765
414005440
69127012
185034506
76265496
181451666
230028861
70661671
123388773
43901055
23241465
207572173
67797318
258901561
257247176
77957097
279060789
142098519
84059365
165280859
307067109
127895953
238377420
169359127
36293775
179883965
21477864
340964579
447505879
329537672
74363281
188626231
75496876
202101933
231878684
14220985
211506588
334425572
31281140
123596259
517389141
99220037
18160660
261369870
77593617
276795569
76705452
94595096
50691081
50188440
185026102
83489980
104593637
378540181
223510044
240885942
18271048
189777925
166259569
243602580
127526841
189444905
209117084
302758332
136271171
209198751
313946293
64921835
149778161
443627992
216834138
177985625
88453625
71342170
19177361
331536052
89275105
157606150
27828059
322826027
98112865
235368327
187053805
50081524
455233952
20602372
201401446
247232654
88926115
171837007
85487097
92503256
130249974
221841288
201348243
63876633
75702824
274146141
297532473
67194166
207770846
124041516
373253239
62932571
336783916
35490752
222726378
80267877
286269341
273711264
394206432
286950207
297497629
54504139
131371842
142979474
223240091
508973990
85518712
324005511
566879071
33304248
337229658
33642757
129937583
415317919
95205146
155947247
58221559
183799182
120707666
29867908
171410011
258030889
117223086
227454803
107715937
110921470
77979897
343584767
179517514
410060393
184947983
355743607
257237435
205895087
91797627
48142116
110992095
390756899
181534136
279566101
166784129
273975044
251848789
335841401
305524779
499673803
56706391
124776473
256048327
208781656
402605980
22025499
427351053
70943597
102266226
484668607
160527990
82476870
234449139
392850535
70161710
189267615
7364678
210987003
251711051
44357428
70034989
208908982
279281702
487937156
88942215
317856174
396611437
333683959
102160356
508372449
377946355
203744127
135075291
129801111
229645045
182231578
328682059
179262765
257917924
354416633
85799910
207097589
479192811
422902062
332917484
54044559
178517004
367529731
415949900
82885557
184482779
100045702
39370012
436425931
426106132
15477184
30513178
94800872
49584695
104698291
166930673
34504717
144274693
274973864
319220373
126253734
91501632
201747242
56255184
166376462
319337331
70502772
404889720
127700471
124647081
457870100
323265105
279448802
82938498
180603810
18911579
55275352
174089584
68182549
150556330
10778268
130920560
26103407
122036233
399441919
245837807
245596898
308621974
53971496
77371065
157585043
89813328
234017425
146427517
81598199
127795573
41236821
22755826
399649017
354328110
164635428
253942726
113019022
223398188
11744170
190058691
278653824
355018455
94889451
175978815
342684906
21829848
147039432
172969547
228927191
209977100
28691211
76820923
391222836
232959184
205459465
55896947
539772871
229234303
265940906
215945180
21779410
47606258
182318737
80999485
340723048
117568628
469533716
255714113
195393182
330831354
25645003
155819034
319976819
268121575
74990413
229672848
76287366
533912538
20364330
116132166
102787695
104269353
110106810
98408933
174090134
143301883
236668909
44244973
17754720
297495765
158086751
4690014
150812941
44339534
205470024
85977227
154720439
68262781
186300331
44977605
170768732
220410357
51635348
61699103
312424562
51159245
248713952
59537534
101280555
163359921
415535920
513468865
228906943
490420658
63872616
393685753
62381146
179190585
10429620
336681195
226596168
281990929
126175567
494117952
174286081
56006853
160175243
156426504
315730070
208927606
147986403
399393264
396649736
195750139
93808599
196305178
64476290
100720147
238353346
239731630
92086111
370672756
489256573
233259819
125203888
88646198
228601648
83304318
19004888
269895429
217291442
207777114
82564245
221573978
223974547
86248887
252124089
374741919
94316342
265058548
139835791
359772621
146630685
226734857
78501564
120807770
135358536
123811384
132334637
302488843
28421410
223115865
188411306
512024672
5941823
96711303
137684449
80699443
245837985
62862909
126399753
109518107
35551405
92312265
37328166
206149062
337363384
25626302
198937534
375112420
346558924
3766877
562540265
118170344
410410197
376014794
10740723
363136537
136072792
156893261
322638053
316716599
133631153
299424183
106225742
98780914
95474366
160514133
168197899
349489150
45268443
7643991
219414951
215260634
11321286
336366982
242466442
195363814
18591682
62570355
400135947
187032425
397124181
295178222
162787709
364159240
137917981
52479933
283312554
57483590
104243511
61508016
337496203
73498482
379635580
268093362
192084482
129736678
345471302
14713614
284340510
103947292
38640446
207145399
417805093
114216233
34048007
107610738
17380171
491403219
252951701
138224074
24277602
54865169
256784801
63994256
73923262
24394359
65733843
219861695
369965091
53310234
77995685
337173412
429469242
236084256
153276534
184748175
212513669
26033117
107411254
154565677
331366969
42718078
178581449
56581025
22749900
507629231
360711395
336855759
13659885
71827142
161222797
128423126
73400104
96186544
93915961
56240143
83211007
377312352
3197344
267886877
76834313
226203604
79586084
439017960
187367138
487275745
178265541
470570696
337216090
391013255
347854267
394866273
151143945
13786233
73669975
454225052
31894488
127282043
55931734
203030442
446047432
2370021
17497161
188678570
220554135
55491355
224846124
202370530
91401907
104210371
161883401
115826581
458861198
254836464
61511293
49121342
135153768
288844504
1135317
85044233
359042298
262334356
479889125
39772672
272044417
98869547
354353486
133475980
30943972
412184488
9496020
240160141
78074875
393795438
210993302
165666061
58281131
308775593
40064111
137356436
97591403
754472
38009403
393388630
254387825
391741319
135667359
353010260
239628341
277646274
8820289
56398829
278815141
129373848
26636231
425037323
138238894
347320936
14187691
197112420
315341477
103409901
1833914
281907384
101621967
278845231
8477489
37475815
433597905
356177883
275232991
261905194
205519136
56871246
170283647
21655684
295796096
128585368
224673177
21034420
289885551
82617512
104750169
47198174
529804619
328726722
332968296
183743450
154188598
128585238
332635278
128680578
216567529
58173186
314917503
14536617
451945480
26569518
174594567
127016251
36741264
153558781
267845525
163444524
347972497
233029089
35966240
334521503
96561199
53384702
303062495
287865900
143918854
18353098
9409604
148551904
58761380
152549605
190251273
6806048
92244790
86383645
206903488
10345511
147389678
521913180
404769813
339344645
252617742
135172665
193611806
87089147
216827783
148693498
109370952
254420234
352600524
91463719
66354841
14589504
163650322
22822843
42318629
94310707
315855897
187318420
115419340
256250242
8455485
298119188
184582359
462458348
23529945
48208839
221802283
43089045
305142397
42909864
34110952
128156558
260134673
127243470
68553508
391410859
12550222
51357285
213019116
345039802
124261199
386246085
510686519
21641644
463186711
380078081
120022378
18104813
143590796
233121326
153522665
372161556
134693677
13959143
50152278
275211742
350684954
324081240
117296056
295601830
149511392
361933127
315947195
111473887
115381144
321352010
96164937
398772914
73843005
188751595
177553703
87493096
178143281
423339732
341906771
324888141
116797520
218151057
274265715
7904838
475165921
83337796
338379075
164423561
490996601
376681305
359380064
136840592
442647166
203266074
465016863
308824872
271579339
338597134
16955802
394563453
421578854
243858188
259954967
442287333
180097893
184713155
78823511
450379365
418863415
139924714
236125957
227454987
436790326
117243261
346810974
368638060
353490210
260488338
395766701
298403702
333626785
420188862
126769408
274498954
471519883
182944980
255895723
473641945
77095254
130711367
14059048
140389894
27156381
250075970
53677309
237688492
268989648
387186081
60168116
124312850
76040632
203877633
503353110
348961861
349462796
145084025
85978686
275561003
235321918
136605075
12101240
296265257
90944332
259255784
260344721
316262702
132568795
117993957
490764163
82813670
179939283
311807452
127117328
256768628
237658902
107860559
393837964
130620341
149281479
393576401
146382712
110140898
127269625
179456734
301426926
126454236
93435113
314898410
60934921
312376730
454911464
123786904
22353395
363867812
150301400
384236774
467990807
149482510
141918063
182875707
229996904
117382070
391175459
93292021
202187761
463767536
119817833
237822992
258744630
115253787
28965398
220729238
16311614
320730170
448516000
197552845
129772796
103674919
509397439
6472760
292257732
16568275
498023635
351682941
66552247
422212939
98563443
48050181
71125506
538674467
267575616
173506400
44543941
93768811
45088014
94499429
78032838
457592957
47161259
90310839
220193306
359813177
114017182
437754223
9233675
170488071
426838318
219238966
147320530
182472547
375389415
60861537
374485593
7707600
57710649
143444741
153675047
169884408
24512737
148342760
177670563
243758155
53895591
467689554
253278552
43507695
181832810
404873533
347734011
272401367
108220215
52073338
88269327
166049045
372471975
15209272
203248915
247635213
2749619
257930278
106321197
27191660
231783543
92123840
396160180
128369734
238780476
121805146
250634200
357411840
133463554
285381095
414538673
145476136
25008540
233835635
157619801
190217634
102221778
33379285
22864837
15736276
356976962
116789899
341513837
144284676
192352579
208504771
266177483
224802320
243278501
100715422
25941196
119334874
201243419
41326151
487576338
318436278
132436931
380942494
210193161
19571861
261634577
149751905
385540590
147512974
98414290
418312537
277322876
144416624
27843755
155082644
63846103
241695674
165473160
92258306
37970833
136615705
1933206
153552943
326921731
448045973
433925688
30032763
113310959
83868569
3944900
141970798
60433233
293613340
74100846
24753926
179051244
92130707
225819961
168427345
312525838
113956233
124250059
196793581
270920218
55124669
355184342
449207309
430154013
203627834
210517541
241524910
212112158
367290850
190428001
17384060
231858136
210204835
265553553
149104593
195419461
170766345
375624141
414396604
133373506
272158811
234476823
253352410
62305468
10669408
534869702
40059018
99690474
271676547
111800139
47450088
64373604
525501491
334337817
4181202
92773516
21314485
116102857
303303367
188221559
387359419
440830809
120923299
53208494
335135366
26553317
318207918
449226707
355243201
252878673
422299192
348124143
426072036
488200305
190359197
439638638
31949693
359125800
477454713
338742938
8937692
228901424
195494702
16955204
127610266
444924526
195785060
172281551
300853861
170205085
12909499
129933167
24086638
127492145
176613455
390525450
26677823
502507588
2801295
372138900
229155173
63480333
410777001
35756378
168135855
423997491
78752553
298779636
9659915
76099659
71003420
233089829
167320268
354289582
104587785
66173617
206782145
445931250
405437756
171468754
244277778
79431075
22533310
285588488
287381731
365864765
19317604
365246159
42934355
165758284
121790427
262426575
63504946
110628267
27985334
499695967
394032931
187967296
532690005
344752641
334470123
225987643
475554911
127598061
214068230
231741985
96764013
95636515
539121583
283955266
69953637
57831989
350934115
407383387
204009629
77377223
250267232
250509397
188786470
243928470
165709356
101112133
291409027
35500980
56390519
16792582
174123781
255585537
83038066
334220841
94763268
15302173
433597148
124941726
192850894
178562096
517108528
437281933
491592886
200627621
119657297
286400580
35665475
132081493
394980394
75919451
365205881
7010278
234989478
120605165
139292553
136341032
224385094
345548220
351115692
21114943
128297355
108051487
9898706
250198454
516196436
79829407
128432980
152122564
370406685
216832193
76731417
92697710
198706296
139795390
120980652
121767514
260250831
65426973
455850889
224396624
247462679
198181128
172561360
228120412
33168630
8916312
256818478
135239349
176658384
88401321
278381875
305299967
36909536
265263418
98374286
169381198
201796864
124306869
185867073
176770412
492943151
33497870
432358160
161974624
104633918
76316130
465918998
33395761
352285120
166245346
209012939
400565551
20198791
276534301
8206476
188062070
352057560
295786652
117816669
41891324
86367258
211092512
134654647
277167254
51540824
57556797
81859450
125228316
73789395
37128657
4334729
366607051
274203369
9956660
232620360
23003609
253405403
49168942
163642931
181954552
148092292
170516107
371454052
535168970
99434188
309168672
353334836
116445384
238920545
139757803
33902738
78480869
217512889
345309463
268708554
451827474
188696939
67541717
257141358
171577178
209913813
196802232
321320720
246681717
39497173
302403308
159275720
442489465
63913294
109347935
301553347
205260968
192915658
28621496
315427139
43530830
303922052
86896394
450177738
153931503
152090363
32780674
265565167
354538376
7881228
173293557
281824783
300813871
88085905
111305012
49715768
97714334
160209475
298547425
53548641
13520525
172075167
235900343
24709621
34616532
80288595
50839715
276755470
118763754
22288941
49737433
156529346
9672289
90821223
178236349
47828865
279087751
172435637
184630720
52542150
105003093
487653982
95438414
11635108
38190809
117512638
100124174
146518980
126590181
84091801
286678524
56467424
268206025
137764520
184828873
205610877
368639347
512592545
51091838
271638607
79697892
135166980
32051519
106925591
212098138
99680486
7681938
29702603
34055978
4446326
118020051
241614003
96606058
53591846
150854784
38217334
131446566
431396609
164639714
257755620
218818851
486288706
188012927
133510270
197334718
118756027
449776234
117786411
27875917
95282802
289963695
53429519
452797016
85587345
61440997
176334788
299907585
1143625
47027904
222533198
68199015
73984639
224190691
39956235
101894537
277960158
13808163
56488961
181993894
268703594
94697332
286065413
202252095
191037451
233386262
48670810
26586734
108628541
311053254
475932474
183214572
442435986
503129956
161341697
199087448
250880131
309993541
48186771
93415341
288548973
152450957
298845581
514391401
217927056
159771226
82969798
19667582
119252821
289271605
43824994
13545731
308161273
203532523
96893180
92731261
415996551
11208741
250584481
143224765
159045743
155853364
463055137
130865146
142437974
128374222
149217445
507752355
367957959
285216663
12418672
206010989
192985124
151580956
55882722
134417753
340293924
252735913
328205134
527980313
91793554
73289471
11892646
349920856
95775887
165683382
107079581
356268859
23011907
44833883
295513941
154864097
57820185
3039775
144928782
287090235
192081240
347659390
12389966
317289694
227727160
49585663
60171073
378169270
71266342
410467516
435868684
324007869
136011814
113487414
42897469
88372825
359817863
32715544
124224820
50017834
357755555
108282337
220953709
234762181
310492474
245969664
39996084
192644521
55381189
146155223
42016701
329157200
200624975
69428564
9139118
6100937
226310215
159690053
212443287
340826824
76325447
72688159
153246811
228005321
286892194
369057691
197799758
322803677
202307801
96455418
310765388
224320524
177102616
226070670
133318688
528002901
39421005
116319023
85382450
249485975
505960155
94187882
36840834
278463560
359881555
112371167
258409745
245077824
129344898
333927665
6080019
274228742
117074312
95870243
82245608
50820492
111912845
166145289
246986334
29574370
239767672
82577233
40480954
70612418
98228648
378924000
302843191
60895319
451645648
223547188
87767162
175766282
173325657
116832517
84222904
153100671
159024576
331319584
323717507
1035826
258275834
67171108
33603400
25857715
156315229
274977299
238620934
34869867
36357784
41905395
36612674
58074329
3123111
12058225
532820056
457564687
80289672
118574270
403361311
309679139
250624362
334962716
48788550
122860799
211867345
8688040
253845586
334219377
481359159
25034871
130887308
166395300
434604076
67390351
40857418
105009978
284475342
182289582
20718280
8156506
298519110
300923181
88737548
177077036
95156157
220729831
61038903
58687334
416205371
2930423
290770315
1061036
166471986
440462869
97981442
209399880
30140310
48438184
282458419
241112437
452486501
239647654
331149621
270609597
259073406
452163242
98621407
96244101
75988239
293744259
95370627
107061780
247423709
139510796
10984041
154710551
159621820
293945360
320725866
234010746
272508366
107893479
132235365
260941950
95425761
372220435
279942855
228723684
140343496
74676817
75555070
10847183
182588071
45272450
95536032
329795460
183829835
266944668
278535576
239691315
21522310
273511579
209239651
194882992
256971775
210045845
28023643
125242777
25785510
508086767
31038238
227616778
202357921
39653769
374634704
289670934
252247885
224385558
176709257
411519656
300445326
341345044
273099664
136426914
107919134
170107193
20900096
211106111
135539013
223440288
206111604
336512819
341586833
19000434
6834722
455181147
417796178
259265393
59413617
71291615
461730915
86825765
417303726
257422767
404694169
90256154
185840316
89555970
197189632
471131121
300044774
241957378
261172222
200232944
270192106
223561155
80121608
116854080
250143400
45284766
233039318
162718511
304075921
151937465
461275890
137576311
255625487
109966814
258149
61757498
54527995
61310221
517435303
261220596
8077430
21016573
229901526
222438796
6258105
7905239
382920058
328269858
225662773
19298788
29131230
131446304
27849560
211365965
206058079
85053071
269503147
120791303
120253549
14731881
56535228
218911993
14425495
87854854
181453042
371555157
220274724
393219089
155517779
49867855
248174616
45248206
343002472
131848787
65789673
21856675
261353683
363104253
144377465
244345126
284342628
148465133
88520631
167848662
106428034
23929322
113119686
87392872
385264195
10444120
99350598
110991507
228467582
346125098
85414782
147484573
187831162
187760661
373354996
123956324
92703161
213063361
61580881
351360404
46352565
193280058
230441279
70278485
377085921
275901613
270632916
132984419
241906857
300264166
112059109
31684875
72069325
240213347
217163804
120359368
179699235
44636377
43434278
121586234
43972788
365794087
82576404
377706315
320189999
330625203
295677043
249333137
253828590
133901779
125065914
21991942
5151794
114277126
58288223
104277206
82670309
176349583
354591712
241491774
446085132
55958347
129399810
132811451
126504834
198726267
238674350
120909368
387164949
48369366
216518571
10204816
248181344
38216778
232153526
247273627
387126132
281979300
136126927
60714076
397409345
121762584
469917453
170215746
240171975
201231587
441526984
154047886
116761557
247349475
69640190
106190515
321458514
167907917
117284374
209488970
17539055
306528488
235199141
90007542
95005531
61798575
162968123
23968671
12823883
90891758
40986048
117115982
137783964
219344580
108787031
351567830
85160197
82466251
235252142
83917952
67056901
168557562
104327773
153463851
14701252
366987290
44763885
106471801
74379615
287607909
323681117
31432105
153756555
107509353
57892367
4812497
21359189
42551639
68850314
71879896
139988416
301552925
232054633
41947268
336616750
74166253
523346756
213378764
193903239
59586230
198923453
265314917
485999624
58483977
49668458
125177453
434671348
87195966
14738969
254781924
297314238
194754662
242478346
49920519
5933787
430521004
337225800
203042007
51022870
1168962
359760793
214351342
347572548
310797402
158390512
267701028
114199361
225115169
115026474
206850012
121393859
31561117
103230028
197962983
271046247
318954625
334524906
390690008
147561759
153121198
29272811
181501560
190728806
24027786
461430048
191829592
188036056
115510694
172932399
324900603
433327809
240874498
270987277
240727938
87721098
247054313
188367510
93848677
81930035
122289685
191491120
50399366
76447487
44373048
56188617
251091942
120747122
83063195
40394817
256876161
77094167
62540096
135050828
56928408
413933768
118524249
138787076
204206226
135439488
10362163
175734331
87243468
10622237
30860623
177248526
185728854
318779795
310390090
197291782
246988288
287174809
49277323
161001852
266036707
249864846
27411181
65876968
291539212
276987808
52635829
4799993
36170206
411207497
82976764
282065335
46826273
57335263
371191231
140482865
76684480
274527848
82669734
31994353
432125770
198694866
198304726
178326456
276821558
125513155
7874778
276816487
213334456
32298592
105165508
412670951
353679280
197593852
363063461
341898411
76116784
172473308
120352833
231690750
280872637
142607518
420050180
141531818
510302618
122594513
402220588
150082917
207952973
119946521
14203566
484274467
425473236
53782923
89548382
110896508
259469220
152741536
132467953
45985352
37821119
5105931
392628948
146184531
367006819
458844880
5225002
267267654
241651314
349698238
186001100
264469227
56988526
282230648
205240235
101779945
454881804
296485709
545701643
240602728
211982787
277762459
2284139
28229906
206090839
3511983
97216153
224871885
373980536
95341726
418515246
276304447
54302889
342516172
5387704
186996090
180112229
117981232
334182671
77826532
457137388
133517668
26063032
277299742
208897852
211994709
30037554
213064787
2540994
219317414
191982965
109613147
291260721
168418325
275242840
370604752
59627217
76780071
398909821
246771384
86034692
215239085
157471120
76710134
88967005
178289175
65235120
6156666
273896407
261627186
332359122
203769839
433910631
255488054
58139253
48692127
211939218
328339740
174766211
407781291
151789737
270250323
19258896
251876448
308790695
280415424
229695055
276417143
201065367
40490740
103974256
22356553
352246071
139158764
51388580
303181515
104495964
79385479
139019433
359174601
11748726
295135968
360670601
122370490
18620314
455573354
144648109
85120204
15320485
261759491
193555905
81705888
35648375
60702732
495402804
108086331
500699598
218029214
101465301
111150093
44422508
123712662
120446984
15057454
183290954
455142627
170568304
325449958
273267378
112790110
166150712
67632491
461493684
68300217
300527267
231502819
237737233
324226150
414232118
151266024
391751613
148231331
424560600
413656458
537966933
405890629
420989984
147505650
387465673
180301409
89624350
84237117
30943091
168814312
45921944
136266945
165108739
33634354
110536464
91065658
57979524
36410899
96874868
180318114
139191891
204720004
181447960
22015322
224306332
286664787
35229154
379108632
159370618
332865290
53367071
288330063
228274145
101777281
96320460
204671236
17393841
206998478
23927541
363819149
213094923
18111671
1345343
327123632
362430543
38130754
187550787
88849256
281886046
89427674
326759329
1856108
58249
48289400
31331117
131149820
117859649
216904233
133592286
227715151
337072409
94529942
91364736
104793330
173562027
165599313
375272501
220984641
21823559
29992085
366551342
115871542
3679710
30639381
124717994
93830068
119427861
64930030
168797413
203242142
308791934
37045542
30475036
8415539
218427932
233662935
30291937
206107420
136204173
191014538
177757351
388581925
255783516
282586124
258052789
25573558
18074645
290900365
241840103
107567233
458487205
49914737
229872280
198949843
43292810
91524848
228640849
31471628
39688186
153095240
77984779
521493615
2011894
74949016
30077340
332619461
189000033
249812781
5502126
271853657
247245054
164820519
135712237
147181861
24811553
239661473
292132561
140418201
181424746
253825513
204305586
127691286
61239278
78143722
83409742
353786225
21180596
247822444
408001097
144129006
318452451
278229503
317627616
395530720
469131288
243649288
316519125
477149012
76387762
482536027
53103181
114301358
193753492
163974531
130049664
330202679
388398811
430204102
373444087
459255554
276561964
136991115
40003957
71977186
335490334
270850588
360607699
78582782
132726375
283701807
48796061
161560794
37655756
78759756
136700984
206301514
103108510
85557162
272080177
96992700
84332424
106057341
3619228
334579615
229974883
336624875
1647911
68927846
174501471
158849112
413001335
291195632
330242381
126205589
347430420
75285224
334326113
98975682
46133889
150995760
77857253
466089043
86858100
29782799
180207429
26654034
36387689
69422123
65484852
127260886
62793444
441489301
149633947
200536888
58765481
275690286
391409310
309931632
10280863
25517400
250197153
61115707
166768771
38625955
347179455
224315520
29030566
191069352
147198361
447440024
23572822
21098324
50743761
415112572
46763168
21407880
167955301
420867571
47003220
139281895
148976360
189097669
88868186
133323597
548410891
392192102
210270160
68130278
43377139
227352691
214430507
307782319
79413763
47995886
17421488
59377646
99389537
300898770
142638360
174037438
238270470
57009198
222570713
108055471
116081615
47165419
50569517
250081224
194956556
155430301
83446377
464861862
86704264
263267635
304429734
26532707
428624862
118119734
173606001
63431113
182993958
87987659
151487802
123282638
341067814
303536160
81096311
36974018
109794071
351894524
184991871
85725858
176609824
264115734
399594667
166658469
162921283
206296473
105771370
101772520
211484245
60942202
196668842
219556218
292751189
211638546
101788459
53236955
10090681
62878657
411797963
45604025
114275109
153744054
287692378
70603687
69857649
1201885
385124553
419518746
309645613
179321128
376109972
32605793
90371169
79284960
185508823
176966660
422123291
355395489
337373313
205988351
247824248
87026759
439086476
523732320
347402850
248171015
316329442
162330927
83310129
159259210
112118342
11772279
320076983
114676907
451383469
289827364
113391858
444166527
124445545
455320180
247391058
19916715
212362507
150680252
282480348
326247187
132555267
136583204
270170023
114026742
44999330
61166415
170176092
87891825
186987768
42266378
262642795
277786814
201920575
346567639
71916767
50649121
85723750
343424
161327010
164622121
178764974
56642367
164708181
195247323
106756301
5882339
90056456
84749589
168090866
142051351
214655393
26834918
35702848
104838842
165118858
130655921
4728945
19434477
20900772
148898306
504831100
29076329
36690497
373182507
12919717
49060443
224024505
386097270
30275631
222855172
169184475
408026781
17913020
91632032
200847487
136353968
58832103
125062860
88829833
235328734
147057652
89140091
437892848
101724302
12860132
328817625
310700941
83132739
355961609
143563517
444885690
67875245
107680415
207433970
275352534
105799878
6882557
29335642
464287486
63646827
122208526
273250081
118539491
271680020
131866564
51029274
136792111
145449186
194250999
37167111
501004919
132020021
418145241
57336323
220225800
229866518
11185692
64645695
52832352
221217557
315441699
487046974
6527910
164550253
287649218
20173856
258037376
284092014
399906717
169404023
153266646
108630614
243202815
79743466
219265094
343399841
277053533
84356762
359799765
155271286
158836268
494283347
143883720
42027358
36534660
149286057
117132166
18002781
86720704
3488619
210297347
267391639
41948624
185658395
499122216
298012633
413560524
317985433
252492458
165001809
146507498
368602790
44373366
78839840
180534011
44408542
102918366
321252979
186421357
170877755
541003822
1377413
327428316
125074913
12019358
279974739
67144128
289842771
190936092
447191638
154837520
40635786
22751877
157171904
146251362
117915986
485024001
372831237
11441701
33563879
439491761
248290093
507758811
9093502
22836496
17050706
187580829
404180866
139513413
1970207
336457024
241719606
126068496
70476232
226415243
869499
101901852
179732001
100714964
285867669
34618606
100332608
6312985
87137007
52972159
375648146
165678096
71788973
248581450
430147635
272973636
54348292
109164009
287697016
9640542
318834942
261879287
282582039
27212398
417909781
368054212
38017233
235819608
191853590
5326168
340820423
87296174
127810026
219228344
211278801
235651104
262383526
86699814
73520682
66010582
346005013
274128998
185990528
358735218
150443844
314716459
133459299
279766731
49594747
393806751
28787193
220463198
125865831
65527087
326320588
46954197
243892819
25929038
226457273
204681291
74878773
22839442
160267883
143761481
224211133
55096781
121856667
394423281
63508520
426831099
453719062
85339573
308664499
373890607
22557868
192823282
138312832
176965772
250675121
440379300
177568466
69546562
218894172
261528068
68121205
145332520
108786204
404867425
312522161
440484402
237538870
491351729
115534172
109488793
63265659
413534548
169999199
445074636
161914400
154828964
89462694
246782450
55280523
2010650
180602095
109166301
9302442
175630019
250122929
127948824
298446525
477272104
229081811
148708103
165236160
430732825
135677971
80646367
464205464
207810782
292412693
248549345
184147569
179583728
54903829
91420549
117237337
21007319
254707310
351405721
260574176
104516278
13325361
23743110
13776913
127159805
238081046
44289660
364853711
302687276
85902272
254530045
306430037
150148973
295303306
59271053
85613484
107147331
217411447
412990915
40671341
111364593
173813117
330894757
211728538
264919001
415425498
31325439
48209753
57660969
155004302
367208033
435366855
340251883
224343586
220439849
92555229
16219099
83920412
199617022
192056818
24820191
223206521
150181705
14665977
425919361
873183
102322863
209074117
151026086
272479709
56839612
230374744
217698965
151976136
315669651
332057844
41999694
453594052
53304700
464763202
252020370
8233693
447241346
461494895
145275187
235730262
106487654
138408361
252879188
366551308
126462951
435440801
358770842
190395250
45407901
110598368
294170573
142010200
243861682
173297620
20892805
396942453
285067772
16351612
33233949
160420653
211364206
319130526
283046971
10990372
82358162
16750
100573146
194479617
365995584
185311288
128080545
7367848
151408888
142483864
64761114
462966710
131380081
60626169
74903739
365316901
79073684
172689590
137476277
388381447
166388073
257602515
401151364
69353132
311098536
62082688
77580877
257462219
136454993
422487175
111402930
101648141
43353976
61655157
409188994
40045481
141678278
241236270
239247608
107584417
261929402
126186119
328590790
109176607
398768630
13461218
434798437
52888927
266854279
268420606
4258090
224692046
27945769
227775051
73423190
62714887
274078846
350950386
459638823
123289212
298749280
184397058
174959348
108973791
311580308
298826995
182304626
21270885
355557178
425698580
208367306
258357260
282474190
444602080
72491949
116239521
386333247
391108674
146064639
227495260
385923966
517360713
21079628
358185590
135417022
298515920
130321594
64930398
204752335
72756101
116650165
143311516
115979461
15404720
222790871
69914079
54230053
34300553
135907946
142864946
337146912
368213917
98050516
337175400
97178628
294556781
203531134
32015833
132417161
117959363
101104571
42829240
33541986
195536208
149224310
42096654
21698468
82784093
21398815
177854137
15732793
232961164
164896204
99390654
21242277
197387274
183862410
487594684
282050304
99741060
185295457
376472792
321124124
171300400
343501746
302729712
133907689
242360708
85032394
529614973
182244170
56797975
170492796
202991924
458768529
402206995
183792954
27180507
355888212
63461118
96068486
256721055
212534018
235155133
311932757
437065795
313897260
270027563
171193708
165667705
57658515
42453416
147957225
76029852
21033934
26638506
75381386
32911236
50081023
203962142
401304205
183525878
301190701
33120295
152357326
53709613
324156539
68625122
285820489
38641999
194155895
380352693
3022839
305581816
251323
267866026
445409777
52585985
119646152
20332301
145909156
137729245
177680751
70744561
73269977
444259283
40559518
132327045
55560867
197266077
260856311
172141400
131063499
50029371
75708741
262124621
58921627
311119476
214934364
339581383
471585950
197946650
27520267
67209809
113891464
39616296
171029102
6368430
22595769
415754960
117771985
135357796
297179205
3195565
359505726
171412162
293701402
49224054
66763902
14236228
93104273
196039937
183659520
191763613
60773704
209073049
436278734
381338125
220145715
406344781
115237626
63624334
108126760
126707660
289178054
13602443
135976159
138188387
98841926
213328862
204617710
206300325
334181073
149221398
293811224
202655515
255276149
151286599
42467377
294188353
225390728
249178702
213812052
388348061
168605596
210490620
36291612
49763658
4027521
193194251
31009750
210237174
220984066
229200853
394277901
227530770
248426831
121182703
524100089
68816932
122184748
433235587
327518194
398220558
244262270
159529416
355210113
231146046
29490245
10391273
269517609
217824589
570119928
471844547
19993594
411193212
214576262
47534310
102497383
92803398
431769543
126654438
86057869
140241097
328766858
27953454
173661220
111561034
172715562
136612899
319123310
178132994
286181711
227631727
225830446
309292939
61776103
86971550
109121262
195659348
267878335
259602084
240493216
78738268
87974693
1533367
271675529
118926997
161210441
73506761
25512463
347110040
228010242
159469670
69813426
459415248
337169833
87497012
439035310
81554686
174340543
192846500
96314173
504505559
394376155
32438383
252846761
358013973
46718093
129554770
220397821
7388441
169573455
308748059
149164278
242616554
90115183
225041705
157937045
14883331
211145027
254132003
273141791
216198938
303345717
196462306
29600237
220034277
305500208
93876335
239072473
88166436
263272859
44824699
306719375
51596698
337551472
267448662
236647029
16354101
128177460
332626408
78388445
175532440
158251071
18598324
431553148
357719244
16253319
472466401
328164477
25347895
125896575
363221006
328454255
338804945
74829415
36529606
296240440
141045590
272320983
312669061
170796670
333053898
86405194
147394699
19579409
103407887
117869868
155564086
377168393
36866237
197263189
119498687
123111373
77982821
364421936
56848256
253928620
95056666
144943292
137308381
111096041
234449580
444680299
146201332
114528390
310977017
115219755
85716667
49372356
115953078
77166751
99936698
18465896
217459422
349368114
180654936
47008791
25736571
124115936
104718840
154220062
82573075
464967604
23745824
469788624
136689369
187515084
62442034
287806842
98246745
68771983
200530259
315686548
123416149
4107235
206872491
425212674
86235111
144936685
189110802
293124041
168881818
222828422
357126298
109078476
283066486
145967829
435340098
95363490
97689360
149108888
12004802
156783547
192510202
272340791
229398826
136010101
144402845
369030850
50092981
464020012
281472811
137801382
226536506
37616455
379437984
221232144
356092677
357492760
64563814
218331201
58493686
297669213
392798595
190680620
200979240
176427676
69036111
141956183
198329677
167178854
271133519
199068497
260367721
131779036
94466266
252836469
206956788
72755151
215110728
432228315
348101392
96657843
155316778
141216679
20862486
14352910
464933489
323006012
178288084
228867891
188333174
105909952
20737833
486782503
304459349
282204063
351046503
192865294
80357429
244564157
70038882
327396970
484643149
188021080
47960376
152528076
402320914
273266003
12161035
274764596
56274565
311453022
101309428
13278377
188227765
150003444
522318244
72664575
168653630
28087163
326853911
192098078
221484835
120104524
156750491
120697717
126879353
233018821
99425478
168726781
465231109
437945829
117972950
39118630
153599081
249239199
204005586
312213869
42372631
340658227
2211977
167206019
54375017
95548174
136899121
196221174
514162423
172973509
278240766
14791704
78025138
5368370
245272588
63575156
363783497
10286280
194310523
72112288
36792069
226930480
137009950
138332849
277558905
219366202
14507914
74627273
113477440
113054294
390658780
261791416
95968059
125252845
149814225
84903321
57256199
299053445
208736808
123926792
375811886
8310173
124689818
48852987
79784598
85020049
60819012
54086617
138077084
427126227
173667380
195867686
329754306
330795911
523533480
316290612
156983187
12831804
243367728
10997691
377555452
181221780
77399211
59181466
247924650
311983915
170565949
322712046
13963735
151809811
43382358
315556069
231621530
135382806
23893107
332365707
416690934
31005505
222510777
162881528
137347442
154767400
153682448
406570807
13978056
129588078
98960628
155668906
260165997
45688606
47991039
209484910
457319195
562023832
192805180
192040039
340079027
18147836
343483902
256556329
231596222
45752815
135220192
241440898
308560812
157243424
193373634
221762880
232255807
29395401
272636477
107199115
148038364
179602252
210760362
40239733
82494801
148758091
210102458
407180098
139040599
269415967
260350419
99002428
267756153
13596893
387749588
464068638
123619438
36693182
27458661
87368106
264434383
115863282
160537279
401780762
345624591
280754031
63157767
133152628
300750793
524083931
154993537
189255024
129177138
123029241
365041177
85634685
311789597
259676742
432714712
67906198
338870628
121017508
189082585
77998157
512132187
29471816
124101034
139837104
537066382
356502542
12107192
156898496
233767589
101297625
198881622
247130680
144233539
197721658
42037080
182280276
102372695
327782454
203063126
419508967
20271330
195785319
340400304
139386408
133812494
433458930
118365449
171618524
11092948
145573500
39105540
425658974
278286153
73113725
346361225
160395377
124102043
284286420
222104086
47920526
41198893
8657738
177088683
26780276
170048539
469935239
383621118
224478121
6534487
24586883
172906521
352714884
102332954
225868076
65608978
156925796
44820211
89894575
490457471
278874545
160273897
348099805
333335712
110108598
84537418
318683749
16427591
305649638
131194224
37159643
306675995
63108204
428469385
168301138
387142665
341607754
167520349
231134708
33320110
245056806
2573656
383345013
438283612
206116881
176982124
263972744
384120871
338976350
212998109
12592384
352841610
150755294
28021505
383488740
23320586
304234765
84761521
170884073
250244543
418755728
270522128
233646898
287606663
244114553
304984398
63791037
14802705
255657908
104946797
128639067
125366307
21236944
216699473
268476079
103332462
337141612
61821474
143473462
39868125
55538727
247821502
257742793
35794288
7409175
3460828
274510038
21257210
138614995
23346909
272567378
114842561
120737090
77127246
124237310
165864429
295535277
37307324
439083082
260117877
4450566
418001654
5950709
88825624
27097379
278795266
183627288
240819776
142121
103133426
211384701
239954235
318458315
465801117
61411048
213176962
51040800
338675645
437413735
131491924
101668848
163445876
16289962
53525962
228588258
329235138
77071600
221426539
288565578
17585819
544813769
231287488
84516215
24997757
79381131
189169558
120871574
96563791
11696958
217475401
466418277
279508559
473365692
272065776
115514419
358215340
280561826
95859790
91512831
112577777
317495980
395794025
62664341
68255555
67313383
339095475
1627890
86330619
280270094
11523318
22605297
23956048
116090551
37350108
294420513
431536999
449709721
12785186
488683738
495056240
236578690
344241139
65355623
270897710
31304122
417454510
130146501
307762867
192895382
427590310
67872536
132562461
233617870
62475384
235027716
335812940
72277230
29168623
290524656
474169367
226852756
72102350
225166771
175597281
103185852
209945513
30371053
58844881
184257198
148218968
467165377
247716172
499346248
46705471
9706301
127531685
195438423
230190385
176292192
387843538
86226805
47751675
316494801
153755670
67622683
164385635
101339064
17713701
40645448
26015341
472996984
203856260
279701179
187733384
90230724
20785497
424931519
272361349
236349333
119153173
351038248
119435682
276648407
212643293
112960959
89775206
159752887
359365222
89494369
280901620
185568019
221213471
219379568
373883049
16871108
341189436
81574857
112364618
44465993
279503075
158656278
385373531
162434752
87830825
23319784
341692865
58371099
12953478
418553124
200248188
40777609
294097765
223410816
273303865
238552
145725089
209910704
58425462
149362269
98410186
519812504
180248357
11027728
402403934
523415059
39310915
366867385
32155353
322759373
256509606
283409649
211637779
370629333
277746505
320449886
261926949
424475780
253156188
479066706
184893688
332783243
93185998
253969953
131761358
196656395
309555687
130933959
154059585
292092889
302674895
355741440
339984474
203379836
76097638
155490044
43205522
324803555
463027939
32310052
20252396
75926622
241509349
278744456
65610096
69707977
472331784
221340333
151512826
296810371
543820629
238415765
136914453
294072516
464307610
494605417
203450234
56246851
195171726
12166821
204801780
408240075
50860527
208122486
92376761
81076489
282614369
193452771
211072034
87885889
30004339
136413835
36743615
14504290
216011395
64536407
210764087
107189598
33414969
158844371
27202382
131788228
206019180
117042147
78957954
258670255
165047560
34705223
56536255
100008703
379807220
120773820
352201279
104485307
33532079
298141764
337073958
182202123
326138753
348887677
165030576
165566961
99647257
19179270
65997491
16613336
198124698
27638869
84055747
39551494
41881596
37686702
181148676
59278650
400011309
201946752
86646367
62446427
297665554
127300031
295678064
436875360
333432519
56113333
28128369
45406803
520015216
198638715
300861211
131380433
104233339
140064271
94315316
264428749
325553047
160556781
114513860
306750624
280817081
315627217
318254186
121677211
354723887
429415171
86856557
26934156
267236359
297987844
471906146
279719519
405585611
71619163
324813387
199010112
214903616
82720058
24792481
7617094
119358904
492715892
171200342
142296817
280565575
208848728
5667440
264935545
258459739
6910034
173251527
202607141
323168970
34942924
443878916
67571164
31275688
111727603
495673753
31812023
144068551
32272740
45517654
150439554
145995149
196446770
110839745
170733436
336515763
30200737
285131329
334260303
82673651
265933502
40918749
37384082
77083147
150652746
308638832
87339707
166729249
442842279
39877263
251136119
45981255
249539820
276276845
209679327
17478261
1271731
406584212
460251000
233833340
474427442
451556786
328729981
93051163
140882944
81598964
353685182
190802374
58855947
235823851
469778326
92964442
318584533
284886038
9583620
181805812
294685448
810985
51602601
7224846
19977546
352411785
96860964
231495870
301648404
343398774
251423265
86074558
146372104
275708008
191663704
138639490
265481472
274860296
53966079
342965366
242025128
106989912
287157035
379810414
111727068
112798764
114421338
221500832
244728008
36359345
177916026
325882125
5337892
85771559
314361370
469305217
376873794
102842887
363880028
232137040
177282424
12477738
428220002
143178535
466335730
186420558
132113889
208003358
75827839
166253309
265056521
181310152
203115792
2060437
41942576
172243102
224572609
51863299
304611409
129784738
60734936
44176744
261617408
197223147
49730462
123324412
113518369
6139530
68700598
113554917
277772546
442663526
90813447
373716510
196297153
56149796
139158961
37130292
249633990
395771204
84620603
27407526
102368373
317820908
171507514
126919978
11153418
14980607
334450741
91461562
338509404
270755322
351257185
522282669
444535941
427119318
474304531
428103673
416678567
279956040
243565721
115422358
41798589
85813727
15418344
232309642
252190046
389539848
194560620
424237622
181407761
70385012
173910034
425083754
33050928
285598502
111672290
76023430
151979502
176993909
408124522
165426888
324645463
318064013
141029888
11921096
161128618
162464087
191829473
31503143
284151851
217129466
56684090
36013126
33308480
484745827
49469241
329390307
50539821
357554893
363608886
5909335
395018551
23335247
428023560
309565146
194138665
55988539
108616805
204616267
408455414
26918460
154059035
218440228
140325143
319107655
36121364
103368202
171865145
199568190
73703894
186937653
365673563
139788491
183301043
85480083
128200603
32789917
137320694
444667117
414480841
193092158
177834003
318638852
58710942
152535245
354453005
193485762
112457254
318224919
290425242
564300259
110986456
65467434
155392318
202993976
196569249
103218962
297482392
404483957
194603048
136649714
15373439
113632889
5361159
119906367
57819548
350586135
290725129
338628011
30336816
483703571
369777960
156669623
220719300
164433508
164617228
76696611
81969889
329661378
149424734
132128198
185601617
487405496
89414282
273113276
48017754
425650156
24079783
406072176
16597023
269982977
151393397
250228830
153520933
66604224
97889056
384010446
203772387
21739566
76051604
42376459
450858722
383168934
224521278
386456533
135784104
233171173
294226448
4385043
16605998
238800911
201928210
346063538
128994203
7230210
229522600
42888949
250552736
252936534
20361464
145299561
258069065
71048962
155529708
112745957
207457683
153571816
252332811
156473455
294605363
178093769
61955388
447100558
90562738
69133902
130748444
929314
246385303
95224142
33677279
152071311
47403489
228091989
84594760
155070374
26227066
279289762
260662188
134492796
54295766
364001748
279954434
67614016
123636097
217046873
193419006
423228638
374695517
284984550
126311693
105235377
77622424
222873842
337503200
23256889
363381278
330253358
14074527
71744705
105046566
350075510
3876387
131566974
61382909
192263325
69972351
282092665
266676677
70322444
200000273
1221023
210439196
173595281
39487954
250008365
31651860
192072594
124061998
223522566
230967202
367216009
20453578
21428434
99489807
230934862
327933141
210140603
233898192
201772646
145827204
128980699
9193098
166311737
528540143
420242231
289878693
434851014
209900009
288153643
192447133
194348231
488159445
293342953
305712313
108537819
66914053
259266650
351228481
124157783
71695684
98037136
335120151
220676947
313235765
118758530
69568201
131990284
55118837
433573603
165510177
109201222
103091832
48614804
134854891
235105948
215602418
152226093
420911651
303788707
339821804
205707791
113885636
152863719
48002928
103132379
18154193
413279528
91823341
112704414
71430613
216671983
396897222
392963640
24637038
287428488
410509315
365515325
95314079
115457140
154401692
150455867
456337484
463540519
40003585
86907703
94972706
156459736
98107871
364513281
110933817
446181877
72013016
27175446
265490116
4741584
265877950
176800379
35883634
497248974
271537622
61907934
229533431
127216149
202427502
190913275
115799316
463986562
9735507
81406891
453795166
80333167
159714651
113401645
204052853
242000085
257781077
194229748
185468749
59308150
187925042
281154070
98518523
16463641
96419925
65448984
55071069
285844073
92333555
404654828
110555667
286207539
14080984
103724180
109677017
18497970
126149595
210377008
27489915
306706877
260487273
412776166
75049242
263084221
287805614
243635965
306782167
19551753
115278406
45420346
282342540
149680435
261543230
14908293
292015293
117578637
100118853
179009378
86520522
40605553
62199419
72174013
191392034
248798572
28381820
104851516
230726362
123060016
14524713
19757432
50250960
399117702
101857267
100155107
298428564
4220509
176326489
488882344
69816905
134395317
102734028
264415252
32535393
330257952
269883037
368019451
83941883
199765562
154408335
165516653
382075310
386950909
229426405
259402196
221536296
377483772
262405683
294114745
82607348
288735416
96872412
172247955
523448396
210068398
284315860
198649379
15131266
449536193
193908693
246968416
208896162
128596025
274267297
179094949
9959238
32155846
184847681
143057451
30971091
113739557
198251764
18686746
193836365
41046472
144153245
142846636
105984447
107252940
144761379
169839108
507418206
178967132
108626180
22050303
159193349
175655422
356769236
397811621
286257318
282962508
223137724
228194650
86630390
54768461
123695461
308362689
167342233
705089
398729022
15529786
49566005
515127704
456102399
163260406
39911739
31734467
270120335
326482433
301926420
276382974
440373089
333061892
275105709
51443278
117636783
156401042
256384643
304701318
92506532
21520332
210475542
263704656
370104580
234636640
42677496
144364959
326232016
306932330
110325841
338904820
270975592
364389044
162705094
64388175
69861241
113459529
213287071
418643379
345305469
250810454
173872097
128781059
179341336
185120098
268029189
152155285
69889131
20258920
35920479
327755475
52489141
65246469
325451931
59615104
146864475
2058894
78451796
187168788
388674998
329737821
353407416
155455659
147341120
27296630
316006437
282395207
123072138
302230607
508195547
40228972
71505542
38650586
140676067
371601909
116354684
33454842
3026708
115332784
195245921
10378737
216498640
48644251
90049159
18034059
104297849
366469494
116519480
35535948
124656363
53649726
77649624
279250221
37094913
271467975
432745913
449486565
128633378
45652296
38633486
16027844
167196419
48139278
422298441
154717591
437107071
113507552
326378707
374489739
493560573
109643098
296907935
361354217
555355873
62366022
70730687
87723206
106952441
15724938
145962823
229971078
116256721
131932954
198360142
210790184
72816637
62318839
47093750
86203525
41331358
132649460
164329357
95668917
390094403
152459390
60983515
145222158
421312028
9466585
135968504
309615271
105743456
365650414
345868729
237606157
83551231
369846263
421861555
159096376
74525684
391989956
217973769
168006656
27858173
78990333
422353990
45064109
215169834
210373333
17910447
65234405
79812388
159360470
321525711
295041272
272759844
398942533
19573346
69409348
457998626
139282936
102337085
334513358
354100834
420643877
142272003
42657473
9928176
302361055
46976646
133436836
120012902
352495629
153501839
62879156
46984859
172020219
216881470
55308171
466022084
37280065
218618481
328649936
107073229
121803199
201192932
96257842
98588492
77548754
184965253
90734248
97553871
107360930
163910039
354877633
153498263
2253470
20041762
23874314
392418537
239667688
261318055
68856287
233392531
144600028
380389009
439256959
557284053
312246239
221333963
410695195
248633951
301702255
91486822
250278818
194096642
93201123
145250820
22467454
189561481
69435945
222959466
472492852
40429406
63428074
90992867
188747348
60942757
507801905
55488690
24552264
184065403
42996909
30621823
220216518
393506732
253882399
452790789
25051923
131921074
542115880
199342471
179267638
165414037
276827401
338892018
363001556
126909971
238587117
336183595
326382520
212482322
51847455
387842500
13157836
33969728
2313129
233754053
209056966
386796106
393899499
69938539
420993372
227183106
55983778
91605788
222657926
229385150
247164714
265172872
76440367
170873144
55402341
329004376
29762036
34493104
298957309
360643886
103713638
347008018
116580147
35448324
270102612
48702646
192766183
71543651
341411763
30022446
534693087
29120458
308469222
245401658
214693567
126441167
26437814
89701215
120470260
200058711
362817679
61609541
142010435
258907463
116861983
106563804
336882722
38682443
35938234
181381790
308214005
253321884
87039341
42710584
282372648
89207063
199688387
57488749
101556420
311878852
402460053
125021586
17377441
260493085
382449740
148870313
32110049
151622252
95700979
165399942
184304826
154694774
107238684
202477960
196684193
44889770
277442092
302542441
55970934
446298751
66172416
149116450
306705228
409332575
150428861
232705305
85057889
82023435
104387532
147716800
123932306
239082883
113949275
132964565
355359252
108490530
37628440
194495544
186129196
194309073
131319412
234838928
153392764
193965210
316878852
279900312
99083472
47700420
7682744
208207914
468528195
167056562
6949640
62645675
183195841
130063866
90632454
118178681
353594201
240590520
83443220
56386521
366466673
300263174
148586891
389026505
143088793
149927588
81708430
53623128
229150285
65194273
405637365
386780456
341852158
167582721
