3840
2164
827
6456
859
865
1321
2125
8303
1423
6514
3596
1105
4306
5221
6433
8676
9302
9364
9705
266
1065
2544
2957
3406
9474
9054
9531
9938
9593
3025
4184
137
954
1931
3627
7248
7453
8325
8325
2348
5538
5595
3927
1336
8286
8859
9500
9807
9966
1368
2276
2721
3020
4537
4781
5180
4739
2540
7629
5475
8033
1313
3339
4991
5276
5712
1580
516
3588
4683
3825
5154
5945
6830
7693
7817
7828
8108
8136
8756
6815
8906
7454
2951
2406
2413
2881
2968
3940
5708
3281
1544
4553
4486
2131
2776
745
3470
262
5394
5451
5639
5797
2110
2254
3759
4245
5578
219
2809
3858
4549
5793
138
6493
2826
454
1317
953
1550
2526
2578
2144
3009
3822
4028
4915
6143
6624
559
6651
767
6762
6979
7509
7514
7730
7823
82
7847
7997
3453
7068
8114
4598
8124
4168
8409
2638
7820
3788
8773
8831
9274
9376
9476
9569
9728
2339
1040
5298
8545
8959
6544
4986
5931
858
5997
4122
5535
8397
1160
2737
6517
5977
829
1942
4178
1370
1230
4795
7538
7956
484
2582
658
2466
426
2268
4248
1161
352
411
424
1812
2747
3538
581
4457
4765
5429
1760
5248
5633
2033
147
626
1808
2675
4643
1171
6547
3008
4309
6669
6767
7014
926
1755
