1785734579
53311402
1791900512
2251507295
2690789825
3635121807
68365869
176205172
1376039340
2366922880
1196385349
1521579449
1679838753
4442141398
2216206274
807060700
314599565
1020235387
2827672193
670784100
874512716
1664388925
961621074
1680057967
3421450086
2477649665
993594020
969094047
925245026
2414809870
2548027757
270019677
606162769
682536357
1651964253
151472501
673646929
3893955314
773595129
532994834
602457609
304744109
885043246
1363232024
402805506
1313769510
720738543
838379901
1181283669
2634080211
1273767312
2406997358
3537203341
1106377015
2902153113
548931032
2706994930
2605377729
697612361
1166927703
3654545834
3612381425
1331132214
3426356360
2719478845
1278272247
1945660174
1898858659
964908511
2396517967
4026990813
1456699157
778369395
926742025
1944022411
4068177997
35401455
1078326801
1385758999
3970883668
366498777
205123964
2290970700
443494770
3464811377
368859687
1333371518
1270948576
2153901806
1223211045
980741178
1139197209
1316183592
279034474
152224155
3235980126
410974326
3187738580
557401452
1359425702
2509466194
335522511
1619053803
1322758540
324871229
626531078
479260724
127701060
1480104955
2842504562
2806450568
1316599361
2603816322
962408986
769045035
404874953
1547776401
110182654
1937367940
1114576639
984354323
84716628
3249347111
196048383
531331391
200986435
610116685
3376299885
1415216803
770876196
4155438293
2094936916
763295247
2442926647
1946755897
71416536
3074920311
1047481299
923658819
1990207787
789494899
197902842
1903351241
3360804374
440614687
2397919564
1663255549
4030220542
1697367928
22618543
4995002
3626322810
1925086170
289186918
198676945
400258349
705726465
1659518467
494968084
1322359713
829047075
211571928
1088119295
1551582896
2107244923
1558406055
1559353795
1466990681
3006533695
801399859
1555729354
2929922156
2736396130
1759034934
1388328669
923181612
2436584699
732175659
224479754
2597618408
145068590
3363567874
797950706
3198652393
1668222742
533763155
503946233
219356336
81865702
312010961
3380690280
2770343602
1366416646
295802097
1659456793
621020049
205545641
203266638
3036745326
3395662426
203482595
550228280
2234394779
1859559543
2449130119
3583789894
1816115183
112985983
1750662560
1040114457
1561014776
497566836
376762654
3203132493
1052080326
1545838442
3680897012
1219572963
3041889194
3207191659
2719649491
664830750
431345032
1009447052
2419966542
2860768791
2902636249
259261533
1469560342
2288057652
226920918
769213645
829864101
1787179892
28275946
2999721214
945025919
1510056129
814560225
271825615
2441152743
1295882046
1332564501
2117638011
1842223283
2734721796
267742375
1451961794
874369771
2561705108
2027424851
1721033139
3577728242
1947520144
1343293558
1140422761
1683334143
3358465478
1929562170
3858541088
2461532281
1858525223
34910940
3641512259
676579476
1985952914
2182613036
1552316398
105608966
320555723
3291723862
1032468816
1087205061
813928598
435951274
1631258993
272822657
1753306940
173181822
185565730
1546132654
1274437476
851814809
1116025862
1939873897
715143318
2103859058
314019658
3022647065
1266491223
873556200
4136044022
1055583655
393169847
69804986
2255920872
277876251
392017692
1462563920
336598503
84947062
912823316
500031177
597097865
414108137
4219183206
928817064
1688856991
1627427599
4389399522
896545724
214121192
850327809
2294457790
2576004063
1199195075
1880826798
444639308
2450450262
980217438
397250504
1658051499
326581145
691932462
2136639534
1324253814
2042222132
4137956389
1677358450
1386070253
151522459
645749122
390034704
873033507
792409999
1006277654
1557561377
95841452
525386908
898251014
1846539918
1397097972
1271823738
3347546550
1365979358
1336052561
2510894763
2009278821
314487147
1933675276
2136981510
1259672464
1592093151
682882558
343082073
1271557801
1484210511
74044090
285670832
2418434223
1030852451
4630340692
1548687784
195296792
2067663799
82350811
429061210
440433723
1356128169
1153781344
710851442
861900712
825407646
1423826919
3972278464
1831541697
3112367387
369640853
2898117390
1945971821
622922544
472241453
1082259736
744392840
110197130
664406172
3334256630
3203716259
1294234696
475068459
95141235
3007585736
247614627
881879034
1323133644
562644603
69477491
635944422
533034041
486583464
3035418276
837306013
903281151
856060024
1245089874
142829311
3294767272
2630965987
77556351
1518863948
118727305
430386344
1079100848
4217372608
1906585467
1402624047
248584626
1330116253
238678845
1725187218
1271594585
3155431206
1291607072
2133517224
1470134802
1596304486
1045288386
892703013
2835768323
168784789
2593313875
661206866
1948694084
2883228612
780633389
1434336955
2609483669
770814185
1764237438
1442798633
1066201374
2900075990
858033951
910586863
746573926
2787840018
1497269918
2623456350
1720974721
2056566880
1720241149
1125989570
2383921492
474931107
3569638311
2056751695
2599212654
1449265953
1342222437
370426447
477994911
1069559271
2973638783
4372315282
376827839
850691280
1284214744
4222117705
3338686070
138903228
1326606207
564406375
410138818
262233079
1606393050
1857594048
795809551
4091214321
36255335
69004895
1554437002
44382802
3314750044
713885390
1040857833
756052104
861477272
3301641092
588856947
629363301
2086955490
2688126270
363762136
896787499
357643356
172420223
1514789394
867579817
91742484
3084502946
2838073069
136164023
2227927205
1600814454
2356610052
3189754247
3124537936
44543034
1480285114
317943718
929242981
664067569
193407986
40538506
420074090
594126097
1648618452
992082033
3531855612
1028088331
1655860892
547956218
2297007494
45366950
2727949990
80453003
920129650
1635580659
3371074792
2840073097
1170263628
3734080147
151050484
2678453014
3996397512
1599000689
2732139138
4338071964
798809001
1462823224
24986532
358545888
3877859436
2371796481
1126638902
1203762764
829211042
3154584912
1257723501
2754871801
1229425481
964394458
3458723237
603220457
819687048
1080335642
3512686536
514231681
80938507
1333039810
1507845363
465516277
2962265001
1713295102
988238201
261697759
191554847
2614824845
2018128558
2844706995
679232954
1807623883
993961003
229021726
1109733846
3374400530
1463481672
3233110947
2671021837
891924288
230608632
309851662
370318102
2395040486
2098891053
2595303151
2120759734
2151649093
865069475
1001837378
2262077850
1931030943
1426666363
3605599866
2020244749
2259571643
257948438
2602836071
1730104889
926122964
513715034
1152057448
28386120
529450352
2626803217
413903988
1081804338
130424489
3365230897
916317247
1812575483
930218380
157385465
3690014550
831767703
1357506045
229290618
2214208739
2761362334
992322285
1876410000
2511923308
1554798368
342219127
78234956
1922053214
1761654749
26153099
1974291963
3827904903
1763550282
1641479645
2074586697
42394804
1174176927
513476284
877625701
1113176778
1496106195
2815119555
793343122
1440102967
389617025
397609988
536851784
2990269419
1414848227
3664325246
1957656053
734310233
1310648099
586670461
1285679616
913577417
1059990565
1837851492
2081237881
231472820
3079363673
1022158470
1053772053
113122414
454690078
3144109744
668270090
878075702
4274401316
2962236770
1138553766
624104926
225019276
1048849781
3262088257
2207215876
191693572
2919224070
134432100
1684197890
4307219643
2023647285
2002450013
91965744
2484687613
3427506567
294998121
1291016805
1920759129
2737145425
355454373
158809478
98853762
292250810
2761430015
298291383
72154059
318401012
803907219
758432243
1905644612
3708194785
452655558
21154207
665261773
4323456356
63356187
51878504
129845811
1935306466
2506955941
233239913
406814136
3159226334
1238854442
819893723
779369758
3223490028
3816999025
2015532133
1914106372
1142001845
3701208068
2167566470
557173486
910215208
1043249338
529389911
3022909771
67165811
3366381910
2228502036
1805911576
1658929173
3287825787
1253918266
131912147
2477134931
1416588362
1288359030
123249773
912630709
333632831
3071762466
2353026004
2188068619
618903250
881313078
2793543686
2997784437
1694357692
463682299
1333123929
1294103640
990614025
1824192342
1732511444
36268568
1296009783
411439447
2117693573
975478821
491740317
3309457499
4180347521
476242282
9032038
1088123183
62932643
2326514083
1489506721
707710767
688783792
1295526409
1223228725
2172305971
1946930661
4333343159
1785391560
455460897
1075591532
986702471
58093929
1950098357
873045372
314212012
15481537
2892794183
1019205772
804084640
2176044038
2033280545
839388185
1633138327
2138570527
1588530387
1014009146
3926403288
2497298531
2946519860
384090719
4065627788
2939434355
644319321
1114973802
3767292485
874504732
98760092
886481911
709564655
721733690
430970407
2256819617
3330577414
2259324184
3021392925
812220953
2022590700
1244708664
1711313318
566169944
1248737924
3567659535
2935496669
973241165
742299846
1211597648
756348794
1228011435
43332735
2973338866
2614499755
576152935
1115405921
3311306625
374119910
1107352068
2338257352
3584866900
3003187978
1352279635
2253835062
2069012183
514947535
226352372
2311212126
2916504566
1284178421
677117481
491970466
3152254443
156701911
548607338
4033011674
1482698027
836803956
755392349
4066263045
4097939434
580147581
330561362
18559368
984281538
2037054304
503226748
320149586
2097415134
674137715
3951783743
1576890069
408792248
1382398925
1158703594
3291601133
449137237
4520436747
2138784680
111939883
2106378037
914278574
1294560790
458867940
1548436811
505411523
1879916454
1326823651
2581700642
215367097
1370235812
1835363572
2653392004
1263714234
713944233
1929463664
3484175420
3303002538
1141168304
4115584653
317161902
7790443
748367642
2595714741
48628169
62985662
2360523606
485302961
1457594197
4122672857
905918184
1119286108
3600931380
3046923321
2970418798
250475641
824691359
845220237
2509092673
1077549918
2338039202
1773589825
1425032552
1043982214
4017707601
2077343763
539381150
4008466171
3616833034
4069553793
198275212
598187758
2704239166
503321255
157498820
1654151676
34575916
1151406076
1122139488
127021786
183861259
1655384993
1316050163
702067629
829208950
100697764
199353342
542319958
1024415900
2400014001
3469720871
2438618696
235857006
139624034
4027707191
1559317797
2032474549
1272460086
554585607
3151338637
3358324923
574653505
260988353
884652294
2221437059
1237014909
3633156946
755041224
2214955509
1253396008
2007593723
60178897
1457733013
222451633
2685631844
2915350579
1884620032
1285105041
1707580286
13886561
3686467287
2296366580
3058958811
2458425024
1579831457
2119931466
40860819
390545388
895838459
1977135
491193093
1997974015
3300346873
3601871145
679082031
3600266062
3911075348
421969441
265632262
1955395015
16794925
1656059467
3011808879
578513467
2883212901
543850344
417157903
601004728
2202242532
1147872105
441894647
378289627
515340161
1701293427
2736193400
2175569084
1116789929
798251066
1404097077
400926188
20892240
992789589
2936673710
305131948
2821481290
322136692
1137688678
4200470145
1903987714
1562833165
3441988257
2512608326
3025925444
2627527633
1143703909
1174961175
2355514466
664004327
2692301536
1743825445
1411299517
877288916
2798571032
333512925
1844485347
566886093
30371951
2520635820
890284236
1141613745
620603607
604397485
1900548585
3089997574
3700230988
662100906
836055005
178776057
1414055548
17008666
3345628179
2963455107
479415124
843299594
1734760560
1816531073
2483299664
1938450468
2555718782
1831858603
636612388
2101147508
953053226
2273712168
12382444
1216334496
2524440551
1088969288
3018744188
1911279001
1164658795
3355998430
610516041
876063800
2767423367
1055323450
1149082593
2538682737
2154285962
2469606941
285659590
3117004713
2134594698
1766012252
1979185564
391597161
374584696
1228208335
1005494938
2060779544
3311847014
896934061
379595999
1898522798
1742290006
2431859706
1011233513
2857545813
1535884132
617865449
1463975118
124630542
3945278824
463397585
171957754
963942942
1917072501
2237546833
2289101097
889960317
30019497
3573242091
640651768
486375550
1623437380
2165477631
1453492765
1295004319
1614753233
141606959
44421848
134675058
231699078
148358864
2393277121
2840443777
1311871205
439987949
4499410592
2269084300
1848177186
3403253146
3295149643
1453633999
1378329371
850668664
255814999
639978587
835965544
155134589
723044538
2198430941
1862559666
503329311
3635917211
640862345
3448105189
1392636903
988748751
1063886755
3310874584
229182182
4250533521
1048069555
286778983
1358294807
2692161677
1911272068
2952291110
2058545306
1767167177
1185133234
449237066
1062538680
1421219894
